{
 "cells": [
  {
   "cell_type": "markdown",
   "metadata": {
    "deletable": true,
    "editable": true
   },
   "source": [
    "### 1. 矩阵与向量乘法\n",
    "$\\vec y= A\\vec x$\n",
    "* 若$x$ 为$n$ 维向量，$A_{m\\times n}$， $y$ 为$m$维向量，则可以看做空间变化\n",
    "* 若$A_{n \\times n}$，$x$ 与 $y$ 均为$n$维的话，可以视为旋转或者平移变化，$A$ 为对应的变换矩阵"
   ]
  },
  {
   "cell_type": "markdown",
   "metadata": {
    "deletable": true,
    "editable": true
   },
   "source": [
    "### 2. 矩阵的秩\n",
    "* 矩阵$A_{m\\times n}$中，任取$k$行$k$列，不改变这$k^2$个元素，在$A$中的次序,得到$k$阶方阵，称为矩阵$A$的$k$阶子式。\n",
    "    * 显然,矩阵$A_{m\\times n}$的k阶子式有 $C_m^kC_n^k$ 个。\n",
    "* 设在矩阵$A$中有一个不等于0的$r$阶子式$D$，且所有$r+1$阶子式(如果存在的话)全等于0，那么，$D$称为矩阵$A$的最高阶非零子式，$r$称为矩阵$A$的秩，记做$R(A)=r$\n",
    "    * ${n\\times n}$的可逆矩阵,秩为$n$\n",
    "    * 可逆矩阵又称满秩矩阵\n",
    "    * 矩阵的秩等于它行(列)向量组的秩\n",
    "* 对于$n$元线性方程组$Ax=b$\n",
    "    * 无解的充要条件是$R(A)<R(A,b)$\n",
    "    * 有唯一解的充要条件是$R(A)=R(A,b)=n$\n",
    "    * 有无限多解的充要条件是$R(A)=R(A,b)<n$"
   ]
  },
  {
   "cell_type": "markdown",
   "metadata": {
    "deletable": true,
    "editable": true
   },
   "source": [
    "### 3. 正交矩阵\n",
    "\n",
    "* 若$n$阶矩阵$A$满足$A^TA =I$，成$A$为正交矩阵,简称正交阵。\n",
    "* $A$是正交阵的充要条件: $A$的列(行)向量都是单位向量，且两两正交。\n",
    "    * $A$是正交阵，$x$ 为向量，则 $Ax$称作正交变换。\n",
    "    * 正交变换不改变向量长度"
   ]
  },
  {
   "cell_type": "markdown",
   "metadata": {
    "deletable": true,
    "editable": true
   },
   "source": [
    "### 4. 特征值与特征向量\n",
    "* $A$是$n$阶矩阵，若数$λ$和$n$维非$0$列向量$x$满足 $Ax=\\lambda x$，那么，数$\\lambda$称为$A$的特征值,$x$称为$A$的对应于特征值$\\lambda$的特征向量。\n",
    "    * 根据定义，立刻得到$(A-\\lambda I)x = 0$，令关于$\\lambda $ 的多项式$|A-\\lambda I|$为0，方程$|A-\\lambda I|= 0$的根为$A$的特征值。将根$\\lambda_0$带入方程组$(A-\\lambda I)x = 0$，求得到的非零解，即$\\lambda_0$ 对应的特征向量。\n",
    "* 设$n$阶矩阵$A=(a_{ij})$ 的特征值为$\\lambda_1, \\lambda_2,\\dots ,\\lambda_n$，则\n",
    "    * $\\lambda_1 + \\lambda_2 + \\dots + \\lambda_n = a_{11} + a_{22} + \\dots + a_{nn}$\n",
    "    * $\\lambda_1  \\lambda_2  \\dots  \\lambda_n =|A|$，矩阵$A$主行列式的元素和，称作矩阵$A$的迹\n",
    "* 设$\\lambda_1,  \\lambda_2,  \\dots  \\lambda_m$是方阵$A$的$m$个特征值，$p_1, p_2,\\dots,p_m$ 是依次与之对应的特征向量，若$\\lambda_1,  \\lambda_2,  \\dots  \\lambda_m$各不相等，则$p_1, p_2,\\dots,p_m$ 线性无关\n",
    "* 实对称阵的特征值是实数\n",
    "* 实对称阵不同特征值的特征向量正交\n",
    "* 设$A$为$n$阶对称阵，则必有正交阵$P$，使得\n",
    "    $$P^{-1}AP = P^TAP = \\Lambda $$\n",
    "    * $\\Lambda$是以$A$的$n$个特征值为对角元的对角阵\n",
    "    * 该变换称为\"合同变换\"，$A$和$\\Lambda$互为合同矩阵\n"
   ]
  },
  {
   "cell_type": "markdown",
   "metadata": {
    "deletable": true,
    "editable": true
   },
   "source": [
    "### 5. 正定矩阵\n",
    "* 对于$n$阶方阵$A$，若任意$n$阶向量$x$，都有$x^TAx\\gt0$，则称$A$是正定阵。\n",
    "    * 若条件变成$x^TAx\\ge 0$，则$A$称作半正定阵\n",
    "    * 类似还有负定阵，半负定阵。\n",
    "* 给定任意$m\\times n$的矩阵$A$, 可证明$A^TA$一定是半正定方阵。\n",
    "* 正定阵的判定\n",
    "    * 对称阵$A$为正定阵\n",
    "    * $A$的特征值都为正\n",
    "    * $A$的顺序主子式大于0\n",
    "    * 以上三个命题等价"
   ]
  },
  {
   "cell_type": "markdown",
   "metadata": {
    "deletable": true,
    "editable": true
   },
   "source": [
    "### 6. 矩阵分解\n",
    "* $QR$分解\n",
    "    * 对于$m\\times n$的列满秩矩阵$A$, 必有: $A_{m \\times n} = Q_{m \\times n} \\cdot R_{n \\times n}$\n",
    "    * 其中, $Q^TQ =I$ (即列正交矩阵)，$R$为非奇异上三角矩阵。当要求$R$的对角线元素为正时，该分解唯一。\n",
    "    * 该分解为$QR$分解。可用于求解矩阵$A$的特征值、$A$的逆等问题。\n",
    "* $LFM$ (Latent Factor Model)\n",
    "    * 对于$K$个隐变量,得: $A_{m \\times n} = U_{m \\times k} \\cdot V_{n \\times k}^T$，可以应用于推荐系统\n",
    "        * $U_{m \\times k}$ 可以视为用户对于商品的偏好，$U_{n\\times k}$ 可以视为商品的特征矩阵。\n",
    "        * 可以用于计算用户对于具体商品的偏好程度\n",
    "* $SVD$奇异值分解\n",
    "$$A_{m \\times n}=U_{m \\times m}\\Sigma_{m \\times n} V^T_{n \\times n}$$\n",
    " * 由于奇异值由大到小排列，所以取前$k$ 个可以用来做主成分分析"
   ]
  },
  {
   "cell_type": "markdown",
   "metadata": {
    "deletable": true,
    "editable": true
   },
   "source": [
    "* $QR$分解计算$n$阶方阵$A$的特征值:   \n",
    "    $$A=QR \\Rightarrow A_1 = Q^TAQ = RQ$$\n",
    "    $$\\dots$$\n",
    "    $$A_k =Q_kR_K \\Rightarrow A_{k+1} = R_kQ_k$$\n",
    "    $$\\dots$$\n",
    "    $$A_K \\rightarrow diag \\{\\lambda_1, \\lambda_2, \\dots, \\lambda_n\\}$$"
   ]
  },
  {
   "cell_type": "code",
   "execution_count": 9,
   "metadata": {
    "collapsed": false,
    "deletable": true,
    "editable": true
   },
   "outputs": [
    {
     "name": "stdout",
     "output_type": "stream",
     "text": [
      "('value: ', array([ 1.        ,  0.51848858,  0.32151142]))\n",
      "('v: ', array([[-0.57735027, -0.83998777,  0.28556198],\n",
      "       [-0.57735027,  0.27803966, -0.53396905],\n",
      "       [-0.57735027,  0.46595546,  0.79582121]]))\n",
      "----times: 1----\n",
      "正交阵:\n",
      "[[-0.95899835  0.27705736 -0.05967731]\n",
      " [-0.22130731 -0.86360265 -0.45300501]\n",
      " [-0.17704585 -0.42122403  0.88950834]]\n",
      "三角阵:\n",
      "[[-0.67779053 -0.48053194 -0.19902904]\n",
      " [ 0.         -0.65267837 -0.35509096]\n",
      " [ 0.          0.          0.37682602]]\n",
      "近似阵:\n",
      "[[ 0.7915825   0.31103762  0.0810941 ]\n",
      " [ 0.20730988  0.71322761 -0.0201898 ]\n",
      " [-0.06671548 -0.15872818  0.33518989]]\n",
      "----times: 2----\n",
      "正交阵:\n",
      "[[-0.96417571  0.26370592  0.0287122 ]\n",
      " [-0.25251082 -0.94558551  0.20519827]\n",
      " [ 0.08126184  0.19059704  0.97829918]]\n",
      "三角阵:\n",
      "[[-0.82099403 -0.49289116 -0.04585267]\n",
      " [ 0.         -0.62264836  0.10436238]\n",
      " [ 0.          0.          0.32610147]]\n",
      "近似阵:\n",
      "[[ 0.91231678  0.24083037 -0.16957059]\n",
      " [ 0.16570613  0.60865842 -0.02566874]\n",
      " [ 0.0264996   0.06215398  0.3190248 ]]\n",
      "----times: 3----\n",
      "正交阵:\n",
      "[[-0.98350054  0.18055458 -0.01125757]\n",
      " [-0.17863539 -0.97910518 -0.09717226]\n",
      " [-0.02856724 -0.09355797  0.99520391]]\n",
      "三角阵:\n",
      "[[-0.92762204 -0.3473603   0.16224445]\n",
      " [ 0.         -0.55827259 -0.03533167]\n",
      " [ 0.          0.          0.32189797]]\n",
      "近似阵:\n",
      "[[ 0.96973274  0.1574366   0.20566287]\n",
      " [ 0.10073657  0.54991314  0.0190864 ]\n",
      " [-0.00919574 -0.03011612  0.32035412]]\n",
      "----times: 4----\n",
      "正交阵:\n",
      "[[-0.99460343  0.10367625  0.00390434]\n",
      " [-0.10332016 -0.9932046   0.05356839]\n",
      " [ 0.00943158  0.05287591  0.99855655]]\n",
      "三角阵:\n",
      "[[-0.97499436 -0.21368813 -0.20350356]\n",
      " [ 0.         -0.53144624  0.01930467]\n",
      " [ 0.          0.          0.32171711]]\n",
      "近似阵:\n",
      "[[ 0.98989167  0.10039184 -0.21846345]\n",
      " [ 0.05509118  0.5288556  -0.00919191]\n",
      " [ 0.0030343   0.01701109  0.32125273]]\n",
      "----times: 5----\n",
      "正交阵:\n",
      "[[-0.99845024  0.05563681 -0.00128809]\n",
      " [-0.0555675  -0.99794505 -0.03190492]\n",
      " [-0.00306054 -0.0317839   0.99949008]]\n",
      "三角阵:\n",
      "[[-0.99142815 -0.1296755   0.21765245]\n",
      " [ 0.         -0.52272403 -0.01319225]\n",
      " [ 0.          0.          0.32166358]]\n",
      "近似阵:\n",
      "[[  9.96431285e-01   6.73312823e-02   2.22955804e-01]\n",
      " [  2.90868418e-02   5.22069158e-01   3.49194577e-03]\n",
      " [ -9.84462717e-04  -1.02237234e-02   3.21499558e-01]]\n",
      "----times: 6----\n",
      "正交阵:\n",
      "[[ -9.99573727e-01   2.91922904e-02   4.17832123e-04]\n",
      " [ -2.91785729e-02  -9.99383494e-01   1.95254596e-02]\n",
      " [  9.87567414e-04   1.95049447e-02   9.99809273e-01]]\n",
      "三角阵:\n",
      "[[-0.99685622 -0.08254591 -0.22264515]\n",
      " [ 0.         -0.51998116  0.00928963]\n",
      " [ 0.          0.          0.32159958]]\n",
      "近似阵:\n",
      "[[  9.98619979e-01   4.90518227e-02  -2.24630953e-01]\n",
      " [  1.51814822e-02   5.19841780e-01  -8.65014151e-04]\n",
      " [  3.17601264e-04   6.27278199e-03   3.21538241e-01]]\n",
      "----times: 7----\n",
      "正交阵:\n",
      "[[ -9.99884412e-01   1.52034333e-02  -1.34779971e-04]\n",
      " [ -1.52007047e-02  -9.99811813e-01  -1.20531194e-02]\n",
      " [ -3.18003405e-04  -1.20496775e-02   9.99927349e-01]]\n",
      "三角阵:\n",
      "[[-0.99873542 -0.05695011  0.22451589]\n",
      " [ 0.         -0.51907378 -0.00642474]\n",
      " [ 0.          0.          0.32155558]]\n",
      "近似阵:\n",
      "[[  9.99414264e-01   3.90498403e-02   2.25320611e-01]\n",
      " [  7.89233036e-03   5.19053514e-01  -1.67817409e-04]\n",
      " [ -1.02255770e-04  -3.87464107e-03   3.21532222e-01]]\n",
      "----times: 8----\n",
      "正交阵:\n",
      "[[ -9.99968815e-01   7.89725319e-03   4.33909173e-05]\n",
      " [ -7.89670963e-03  -9.99940983e-01   7.46134782e-03]\n",
      " [  1.02312509e-04   7.46077250e-03   9.99972163e-01]]\n",
      "三角阵:\n",
      "[[-0.99944543 -0.04314783 -0.22527936]\n",
      " [ 0.         -0.5187434   0.0043461 ]\n",
      " [ 0.          0.          0.3215318 ]]\n",
      "近似阵:\n",
      "[[  9.99731941e-01   3.35716557e-02  -2.25638400e-01]\n",
      " [  4.09681068e-03   5.18745213e-01   4.75454241e-04]\n",
      " [  3.28967249e-05   2.39887558e-03   3.21522845e-01]]\n",
      "----times: 9----\n",
      "正交阵:\n",
      "[[ -9.99991603e-01   4.09798309e-03  -1.39588045e-05]\n",
      " [ -4.09787475e-03  -9.99980915e-01  -4.62342834e-03]\n",
      " [ -3.29052692e-05  -4.62333232e-03   9.99989312e-01]]\n",
      "三角阵:\n",
      "[[-0.99974034 -0.03569721  0.22562398]\n",
      " [ 0.         -0.51860883 -0.00288661]\n",
      " [ 0.          0.          0.32152036]]\n",
      "近似阵:\n",
      "[[  9.99870800e-01   3.05564708e-02   2.25800564e-01]\n",
      " [  2.12528901e-03   5.18612276e-01  -4.88832868e-04]\n",
      " [ -1.05797140e-05  -1.48649547e-03   3.21516924e-01]]\n",
      "----times: 10----\n",
      "正交阵:\n",
      "[[ -9.99997741e-01   2.12558042e-03   4.48913370e-06]\n",
      " [ -2.12555883e-03  -9.99993634e-01   2.86601815e-03]\n",
      " [  1.05810572e-05   2.86600213e-03   9.99995893e-01]]\n",
      "三角阵:\n",
      "[[-0.99987306 -0.03165876 -0.22579561]\n",
      " [ 0.         -0.51854828  0.00189026]\n",
      " [ 0.          0.          0.32151522]]\n",
      "近似阵:\n",
      "[[  9.99935703e-01   2.88861156e-02  -2.25889909e-01]\n",
      " [  1.10222489e-03   5.18550401e-01   4.04078645e-04]\n",
      " [  3.40197089e-06   9.21463294e-04   3.21513896e-01]]\n",
      "----times: 11----\n",
      "正交阵:\n",
      "[[ -9.99999392e-01   1.10229939e-03  -1.44349807e-06]\n",
      " [ -1.10229509e-03  -9.99997814e-01  -1.77691530e-03]\n",
      " [ -3.40218757e-06  -1.77691263e-03   9.99998421e-01]]\n",
      "三角阵:\n",
      "[[-0.99993631 -0.0294577   0.22588823]\n",
      " [ 0.         -0.51851906 -0.00122438]\n",
      " [ 0.          0.          0.321513  ]]\n",
      "近似阵:\n",
      "[[  9.99967406e-01   2.79540195e-02   2.25941663e-01]\n",
      " [  5.71565183e-04   5.18520106e-01  -3.03011782e-04]\n",
      " [ -1.09384752e-06  -5.71300504e-04   3.21512488e-01]]\n",
      "----times: 12----\n",
      "正交阵:\n",
      "[[ -9.99999837e-01   5.71584579e-04   4.64131603e-07]\n",
      " [ -5.71583720e-04  -9.99999230e-01   1.10176477e-03]\n",
      " [  1.09388299e-06   1.10176432e-03   9.99999393e-01]]\n",
      "三角阵:\n",
      "[[ -9.99967569e-01  -2.82503932e-02  -2.25941101e-01]\n",
      " [  0.00000000e+00  -5.18504358e-01   7.86387306e-04]\n",
      " [  0.00000000e+00   0.00000000e+00   3.21512064e-01]]\n",
      "近似阵:\n",
      "[[  9.99983306e-01   2.74298715e-02  -2.25972553e-01]\n",
      " [  2.96369510e-04   5.18504825e-01   2.15116997e-04]\n",
      " [  3.51696580e-07   3.54230521e-04   3.21511869e-01]]\n",
      "----times: 13----\n",
      "正交阵:\n",
      "[[ -9.99999956e-01   2.96374616e-04  -1.49228572e-07]\n",
      " [ -2.96374445e-04  -9.99999723e-01  -6.83168850e-04]\n",
      " [ -3.51702436e-07  -6.83168776e-04   9.99999767e-01]]\n",
      "三角阵:\n",
      "[[ -9.99983350e-01  -2.75835420e-02   2.25972366e-01]\n",
      " [  0.00000000e+00  -5.18496793e-01  -5.01736336e-04]\n",
      " [  0.00000000e+00   0.00000000e+00   3.21511681e-01]]\n",
      "近似阵:\n",
      "[[  9.99991402e-01   2.71327874e-02   2.25991307e-01]\n",
      " [  1.53669376e-04   5.18496992e-01  -1.47515361e-04]\n",
      " [ -1.13076441e-07  -2.19646741e-04   3.21511606e-01]]\n",
      "----times: 14----\n",
      "正交阵:\n",
      "[[ -9.99999988e-01   1.53670729e-04   4.79795045e-08]\n",
      " [ -1.53670695e-04  -9.99999898e-01   4.23619468e-04]\n",
      " [  1.13077412e-07   4.23619455e-04   9.99999910e-01]]\n",
      "三角阵:\n",
      "[[ -9.99991414e-01  -2.72124649e-02  -2.25991245e-01]\n",
      " [  0.00000000e+00  -5.18492863e-01   3.18442167e-04]\n",
      " [  0.00000000e+00   0.00000000e+00   3.21511525e-01]]\n",
      "近似阵:\n",
      "[[  9.99995558e-01   2.69630585e-02  -2.26002801e-01]\n",
      " [  7.96771947e-05   5.18492946e-01   9.87984672e-05]\n",
      " [  3.63556913e-08   1.36198537e-04   3.21511497e-01]]\n",
      "----times: 15----\n",
      "正交阵:\n",
      "[[ -9.99999997e-01   7.96775552e-05  -1.54260931e-08]\n",
      " [ -7.96775484e-05  -9.99999962e-01  -2.62680752e-04]\n",
      " [ -3.63558527e-08  -2.62680750e-04   9.99999965e-01]]\n",
      "三角阵:\n",
      "[[ -9.99995561e-01  -2.70043706e-02   2.26002781e-01]\n",
      " [  0.00000000e+00  -5.18490813e-01  -2.01260695e-04]\n",
      " [  0.00000000e+00   0.00000000e+00   3.21511463e-01]]\n",
      "近似阵:\n",
      "[[  9.99997701e-01   2.68653258e-02   2.26009882e-01]\n",
      " [  4.13120842e-05   5.18490847e-01  -6.50631315e-05]\n",
      " [ -1.16888234e-08  -8.44548721e-05   3.21511452e-01]]\n",
      "----times: 16----\n",
      "正交阵:\n",
      "[[ -9.99999999e-01   4.13121805e-05   4.95968741e-09]\n",
      " [ -4.13121791e-05  -9.99999986e-01   1.62885687e-04]\n",
      " [  1.16888502e-08   1.62885687e-04   9.99999987e-01]]\n",
      "三角阵:\n",
      "[[ -9.99997702e-01  -2.68867458e-02  -2.26009875e-01]\n",
      " [  0.00000000e+00  -5.18489743e-01   1.26769705e-04]\n",
      " [  0.00000000e+00   0.00000000e+00   3.21511438e-01]]\n",
      "近似阵:\n",
      "[[  9.99998809e-01   2.68086196e-02  -2.26014256e-01]\n",
      " [  2.14199426e-05   5.18489757e-01   4.23151455e-05]\n",
      " [  3.75809905e-09   5.23696113e-05   3.21511434e-01]]\n",
      "----times: 17----\n",
      "正交阵:\n",
      "[[ -1.00000000e+00   2.14199684e-05  -1.59459985e-09]\n",
      " [ -2.14199681e-05  -9.99999995e-01  -1.01004056e-04]\n",
      " [ -3.75810352e-09  -1.01004056e-04   9.99999995e-01]]\n",
      "三角阵:\n",
      "[[ -9.99998810e-01  -2.68197256e-02   2.26014254e-01]\n",
      " [  0.00000000e+00  -5.18489185e-01  -7.96303223e-05]\n",
      " [  0.00000000e+00   0.00000000e+00   3.21511428e-01]]\n",
      "近似阵:\n",
      "[[  9.99999383e-01   2.67754771e-02   2.26016964e-01]\n",
      " [  1.11060221e-05   5.18489190e-01  -2.72608113e-05]\n",
      " [ -1.20827323e-09  -3.24739582e-05   3.21511427e-01]]\n",
      "('times: ', 17)\n",
      "近似特征值:\n",
      "[ 0.99999938  0.51848919  0.32151143]\n",
      "精确特征值:\n",
      "[ 1.          0.51848858  0.32151142]\n"
     ]
    }
   ],
   "source": [
    "#coding:utf-8\n",
    "'''\n",
    "    依靠QR 分解，求特征值近似解\n",
    "    可以看到依照上述方式，经过17次迭代便可得到收敛\n",
    "'''\n",
    "import math\n",
    "def is_same(a, b):\n",
    "    d = np.nonzero(np.fabs(a - b) < 1.0e-6)\n",
    "    if len(d[0]) == len(a):\n",
    "        return True\n",
    "    return False\n",
    "\n",
    "import numpy as np\n",
    "a = np.array([0.65, 0.28, 0.07, 0.15, 0.67, 0.18, 0.12, 0.36, 0.52])\n",
    "n = int(math.sqrt(len(a)))\n",
    "a = a.reshape((n, n))\n",
    "value, v = np.linalg.eig(a)\n",
    "print('value: ', value)\n",
    "print('v: ', v)\n",
    "times = 0\n",
    "while times == 0 or (not is_same(np.diag(a), v)):\n",
    "    v = np.diag(a)\n",
    "    q, r = np.linalg.qr(a)\n",
    "    a = np.dot(r, q)\n",
    "    times += 1\n",
    "    print('----times: {0:d}----'.format(times))\n",
    "    print('正交阵:')\n",
    "    print(q)\n",
    "    print('三角阵:')\n",
    "    print(r)\n",
    "    print('近似阵:')\n",
    "    print(a)\n",
    "print('times: ', times)\n",
    "print('近似特征值:')\n",
    "print(np.diag(a))\n",
    "print('精确特征值:')\n",
    "print(value)"
   ]
  },
  {
   "cell_type": "markdown",
   "metadata": {
    "deletable": true,
    "editable": true
   },
   "source": [
    "### 7.向量导数\n",
    "* 矩阵$A_{m\\times n}$, 列向量 $x_{n\\times 1}$，则$\\vec y = A \\vec x$，其中$y$为$m×1$的列向量，则向量偏导公式如下：\n",
    "$$\\frac{\\partial A \\vec x }{\\partial \\vec x} = A^T$$\n",
    "$$\\frac{\\partial A \\vec x }{\\partial \\vec x^T} = A$$\n",
    "$$\\frac{\\partial(\\vec x A)}{\\partial \\vec x} = A$$\n",
    "* $A$为$n\\times n$的矩阵, $x$为$n\\times 1$的列向量, 记 $\\vec y = \\vec x^T A \\vec x$\n",
    "$$\\frac{\\partial \\vec x^T A \\vec x }{\\partial \\vec x} = (A^T + A)\\vec x$$\n",
    " * 若$A$为对阵矩阵，则\n",
    "$$\\frac{\\partial \\vec x^T A \\vec x }{\\partial \\vec x} = 2A\\vec x$$\n"
   ]
  }
 ],
 "metadata": {
  "kernelspec": {
   "display_name": "Python 2",
   "language": "python",
   "name": "python2"
  },
  "language_info": {
   "codemirror_mode": {
    "name": "ipython",
    "version": 2
   },
   "file_extension": ".py",
   "mimetype": "text/x-python",
   "name": "python",
   "nbconvert_exporter": "python",
   "pygments_lexer": "ipython2",
   "version": "2.7.12"
  }
 },
 "nbformat": 4,
 "nbformat_minor": 2
}
