{
 "cells": [
  {
   "cell_type": "code",
   "execution_count": 1,
   "metadata": {
    "collapsed": true
   },
   "outputs": [],
   "source": [
    "#!/usr/bin/python\n",
    "# -*- coding:utf-8 -*-\n",
    "\n",
    "import numpy as np\n",
    "import pandas as pd\n",
    "from sklearn import preprocessing\n",
    "from sklearn.linear_model import LogisticRegression\n",
    "from sklearn.preprocessing import StandardScaler, PolynomialFeatures\n",
    "from sklearn.pipeline import Pipeline\n",
    "import matplotlib.pyplot as plt\n",
    "import matplotlib as mpl\n",
    "import matplotlib.patches as mpatches\n",
    "\n",
    "path = '../dataset/iris.data'  # 数据文件路径"
   ]
  },
  {
   "cell_type": "code",
   "execution_count": 4,
   "metadata": {
    "collapsed": false
   },
   "outputs": [
    {
     "name": "stdout",
     "output_type": "stream",
     "text": [
      "y_hat = \n",
      "[ 0.  0.  0.  0.  0.  0.  0.  0.  0.  0.  0.  0.  0.  0.  0.  0.  0.  0.\n",
      "  0.  0.  0.  0.  0.  0.  0.  0.  0.  0.  0.  0.  0.  0.  0.  0.  0.  0.\n",
      "  0.  0.  0.  0.  0.  0.  0.  0.  0.  0.  0.  0.  0.  0.  2.  2.  2.  1.\n",
      "  2.  1.  2.  1.  2.  1.  1.  1.  1.  1.  1.  2.  1.  1.  1.  1.  1.  1.\n",
      "  1.  1.  2.  2.  2.  2.  1.  1.  1.  1.  1.  1.  1.  1.  2.  1.  1.  1.\n",
      "  1.  1.  1.  1.  1.  1.  1.  1.  1.  1.  2.  1.  2.  1.  2.  2.  1.  2.\n",
      "  2.  2.  2.  2.  2.  1.  1.  2.  2.  2.  2.  1.  2.  1.  2.  1.  2.  2.\n",
      "  1.  1.  2.  2.  2.  2.  2.  1.  1.  2.  2.  2.  1.  2.  2.  2.  1.  2.\n",
      "  2.  2.  1.  2.  2.  1.]\n",
      "y_hat_prob = \n",
      "[[ 0.95636649  0.02229721  0.0213363 ]\n",
      " [ 0.82119058  0.13155022  0.0472592 ]\n",
      " [ 0.96345857  0.01847458  0.01806685]\n",
      " [ 0.96147219  0.01980621  0.0187216 ]\n",
      " [ 0.98137946  0.00731619  0.01130436]\n",
      " [ 0.97913929  0.00770426  0.01315644]\n",
      " [ 0.989982    0.0027725   0.0072455 ]\n",
      " [ 0.95288163  0.02514667  0.0219717 ]\n",
      " [ 0.95817553  0.02185834  0.01996613]\n",
      " [ 0.8803775   0.08180714  0.03781535]\n",
      " [ 0.94708532  0.02559837  0.02731632]\n",
      " [ 0.97824564  0.00907563  0.01267873]\n",
      " [ 0.87377225  0.08867472  0.03755304]\n",
      " [ 0.98123971  0.00639871  0.01236158]\n",
      " [ 0.94332387  0.02083933  0.0358368 ]\n",
      " [ 0.99461108  0.00110842  0.0042805 ]\n",
      " [ 0.97913929  0.00770426  0.01315644]\n",
      " [ 0.95636649  0.02229721  0.0213363 ]\n",
      " [ 0.90438746  0.04412594  0.0514866 ]\n",
      " [ 0.98955519  0.00328279  0.00716202]\n",
      " [ 0.81134161  0.12099266  0.06766573]\n",
      " [ 0.98293267  0.00643306  0.01063427]\n",
      " [ 0.99607672  0.00063315  0.00329013]\n",
      " [ 0.8950587   0.06685951  0.03808179]\n",
      " [ 0.97824564  0.00907563  0.01267873]\n",
      " [ 0.75212723  0.18773776  0.06013502]\n",
      " [ 0.95288163  0.02514667  0.0219717 ]\n",
      " [ 0.93699085  0.03458171  0.02842743]\n",
      " [ 0.9027444   0.0591832   0.0380724 ]\n",
      " [ 0.96345857  0.01847458  0.01806685]\n",
      " [ 0.91688986  0.05324653  0.02986361]\n",
      " [ 0.81134161  0.12099266  0.06766573]\n",
      " [ 0.99668623  0.0006664   0.00264737]\n",
      " [ 0.99318306  0.00168342  0.00513352]\n",
      " [ 0.8803775   0.08180714  0.03781535]\n",
      " [ 0.88753765  0.07446835  0.03799401]\n",
      " [ 0.82658372  0.10428539  0.06913089]\n",
      " [ 0.8803775   0.08180714  0.03781535]\n",
      " [ 0.97267564  0.01183352  0.01549084]\n",
      " [ 0.93177711  0.03933698  0.02888591]\n",
      " [ 0.97018432  0.01380823  0.01600745]\n",
      " [ 0.47961491  0.45852609  0.061859  ]\n",
      " [ 0.98839842  0.00311752  0.00848406]\n",
      " [ 0.97018432  0.01380823  0.01600745]\n",
      " [ 0.98955519  0.00328279  0.00716202]\n",
      " [ 0.87377225  0.08867472  0.03755304]\n",
      " [ 0.98955519  0.00328279  0.00716202]\n",
      " [ 0.97526651  0.01065186  0.01408163]\n",
      " [ 0.96322731  0.0168045   0.01996819]\n",
      " [ 0.92660322  0.04411882  0.02927796]\n",
      " [ 0.01351906  0.15623925  0.83024169]\n",
      " [ 0.03125198  0.41749707  0.55125095]\n",
      " [ 0.01186862  0.20278472  0.78534666]\n",
      " [ 0.01652374  0.80127411  0.18220215]\n",
      " [ 0.00894308  0.42785916  0.56319776]\n",
      " [ 0.05186116  0.68375336  0.26438548]\n",
      " [ 0.06041619  0.42689999  0.51268381]\n",
      " [ 0.18534226  0.71084638  0.10381136]\n",
      " [ 0.0099245   0.36808577  0.62198973]\n",
      " [ 0.20639214  0.65186023  0.14174763]\n",
      " [ 0.02832637  0.87497432  0.09669931]\n",
      " [ 0.06069503  0.60489656  0.33440841]\n",
      " [ 0.00558735  0.73008267  0.26432998]\n",
      " [ 0.02297447  0.57519782  0.40182771]\n",
      " [ 0.11256585  0.65326555  0.2341686 ]\n",
      " [ 0.01379837  0.30265831  0.68354332]\n",
      " [ 0.17420396  0.59886666  0.22692938]\n",
      " [ 0.02601011  0.68629293  0.28769697]\n",
      " [ 0.00521263  0.66323162  0.33155575]\n",
      " [ 0.02343436  0.75485863  0.22170701]\n",
      " [ 0.14599615  0.52694897  0.32705487]\n",
      " [ 0.01666876  0.59081712  0.39251413]\n",
      " [ 0.00650741  0.5603726   0.43311999]\n",
      " [ 0.01666876  0.59081712  0.39251413]\n",
      " [ 0.01248983  0.46415737  0.5233528 ]\n",
      " [ 0.01222127  0.36033817  0.62744056]\n",
      " [ 0.0080849   0.25222524  0.73968986]\n",
      " [ 0.01113482  0.30924683  0.67961835]\n",
      " [ 0.03004486  0.60422792  0.36572722]\n",
      " [ 0.0245744   0.72215442  0.25327118]\n",
      " [ 0.02253877  0.78456539  0.19289584]\n",
      " [ 0.02253877  0.78456539  0.19289584]\n",
      " [ 0.02601011  0.68629293  0.28769697]\n",
      " [ 0.01550957  0.63639168  0.34809875]\n",
      " [ 0.33993505  0.50158147  0.15848347]\n",
      " [ 0.24939032  0.40926554  0.34134413]\n",
      " [ 0.01379837  0.30265831  0.68354332]\n",
      " [ 0.00548431  0.59488044  0.39963525]\n",
      " [ 0.17420396  0.59886666  0.22692938]\n",
      " [ 0.0317388   0.76714703  0.20111417]\n",
      " [ 0.04609231  0.74717598  0.20673171]\n",
      " [ 0.03282037  0.55755422  0.40962542]\n",
      " [ 0.01866399  0.7023946   0.27894141]\n",
      " [ 0.08497352  0.79976754  0.11525893]\n",
      " [ 0.04865959  0.71719701  0.2341434 ]\n",
      " [ 0.12174148  0.61603055  0.26222797]\n",
      " [ 0.07869829  0.65583457  0.26546714]\n",
      " [ 0.01812605  0.54212924  0.43974471]\n",
      " [ 0.13120141  0.73791971  0.13087888]\n",
      " [ 0.05186116  0.68375336  0.26438548]\n",
      " [ 0.06041619  0.42689999  0.51268381]\n",
      " [ 0.02601011  0.68629293  0.28769697]\n",
      " [ 0.01022359  0.10641082  0.88336558]\n",
      " [ 0.01478572  0.50519837  0.48001591]\n",
      " [ 0.01388721  0.40766748  0.57844532]\n",
      " [ 0.01489775  0.00808331  0.97701894]\n",
      " [ 0.27196798  0.62803291  0.0999991 ]\n",
      " [ 0.01079912  0.03871162  0.95048926]\n",
      " [ 0.0068216   0.30648126  0.68669714]\n",
      " [ 0.02743295  0.08086574  0.89170131]\n",
      " [ 0.02498212  0.37889024  0.59612765]\n",
      " [ 0.00815863  0.48736192  0.50447945]\n",
      " [ 0.01047864  0.25556719  0.73395417]\n",
      " [ 0.01777135  0.73838644  0.24384222]\n",
      " [ 0.03750127  0.66846817  0.29403056]\n",
      " [ 0.03125198  0.41749707  0.55125095]\n",
      " [ 0.01388721  0.40766748  0.57844532]\n",
      " [ 0.03094927  0.01214898  0.95690175]\n",
      " [ 0.02495578  0.00125027  0.97379395]\n",
      " [ 0.00558735  0.73008267  0.26432998]\n",
      " [ 0.01436422  0.20087346  0.78476232]\n",
      " [ 0.07324727  0.69070139  0.23605134]\n",
      " [ 0.0194845   0.00240576  0.97810974]\n",
      " [ 0.0090838   0.53209875  0.45881745]\n",
      " [ 0.02354723  0.28046948  0.69598329]\n",
      " [ 0.01289838  0.08128226  0.90581935]\n",
      " [ 0.01353505  0.55687628  0.42958866]\n",
      " [ 0.03282037  0.55755422  0.40962542]\n",
      " [ 0.00990331  0.47606904  0.51402765]\n",
      " [ 0.01057605  0.07074857  0.91867538]\n",
      " [ 0.012074    0.01832995  0.96959605]\n",
      " [ 0.03142179  0.00455395  0.96402426]\n",
      " [ 0.00990331  0.47606904  0.51402765]\n",
      " [ 0.01137309  0.51883373  0.46979318]\n",
      " [ 0.00979368  0.6212087   0.36899762]\n",
      " [ 0.01720663  0.00418617  0.9786072 ]\n",
      " [ 0.09256608  0.39415304  0.51328088]\n",
      " [ 0.02220872  0.43570014  0.54209113]\n",
      " [ 0.04405917  0.58438523  0.3715556 ]\n",
      " [ 0.01186862  0.20278472  0.78534666]\n",
      " [ 0.01379837  0.30265831  0.68354332]\n",
      " [ 0.01186862  0.20278472  0.78534666]\n",
      " [ 0.02601011  0.68629293  0.28769697]\n",
      " [ 0.01570415  0.24719654  0.73709931]\n",
      " [ 0.02354723  0.28046948  0.69598329]\n",
      " [ 0.01113482  0.30924683  0.67961835]\n",
      " [ 0.00650741  0.5603726   0.43311999]\n",
      " [ 0.01388721  0.40766748  0.57844532]\n",
      " [ 0.128262    0.41246431  0.45927369]\n",
      " [ 0.06069503  0.60489656  0.33440841]]\n",
      "准确度：81.33%\n"
     ]
    }
   ],
   "source": [
    "# # # 手写读取数据\n",
    "# f = file(path)\n",
    "# x = []\n",
    "# y = []\n",
    "# for d in f:\n",
    "#     d = d.strip()\n",
    "#     if d:\n",
    "#         d = d.split(',')\n",
    "#         y.append(d[-1])\n",
    "#         x.append(map(float, d[:-1]))\n",
    "# print '原始数据X：\\n', x\n",
    "# print '原始数据Y：\\n', y\n",
    "# x = np.array(x)\n",
    "# print 'Numpy格式X：\\n', x\n",
    "# y = np.array(y)\n",
    "# print 'Numpy格式Y - 1:\\n', y\n",
    "# y[y == 'Iris-setosa'] = 0\n",
    "# y[y == 'Iris-versicolor'] = 1\n",
    "# y[y == 'Iris-virginica'] = 2\n",
    "# print 'Numpy格式Y - 2:\\n', y\n",
    "# y = y.astype(dtype=np.int)\n",
    "# print 'Numpy格式Y - 3:\\n', y\n",
    "# print '\\n\\n============================================\\n\\n'\n",
    "\n",
    "# # 使用sklearn的数据预处理\n",
    "# df = pd.read_csv(path, header=None)\n",
    "# x = df.values[:, :-1]\n",
    "# y = df.values[:, -1]\n",
    "# print x.shape\n",
    "# print y.shape\n",
    "# print 'x = \\n', x\n",
    "# print 'y = \\n', y\n",
    "# le = preprocessing.LabelEncoder()\n",
    "# le.fit(['Iris-setosa', 'Iris-versicolor', 'Iris-virginica'])\n",
    "# print le.classes_\n",
    "# y = le.transform(y)\n",
    "# print 'Last Version, y = \\n', y\n",
    "\n",
    "# def iris_type(s):\n",
    "#     it = {'Iris-setosa': 0,\n",
    "#           'Iris-versicolor': 1,\n",
    "#           'Iris-virginica': 2}\n",
    "#     return it[s]\n",
    "#\n",
    "# # 路径，浮点型数据，逗号分隔，第4列使用函数iris_type单独处理\n",
    "# data = np.loadtxt(path, dtype=float, delimiter=',',\n",
    "#                   converters={4: iris_type})\n",
    "\n",
    "data = pd.read_csv(path, header=None)\n",
    "data[4] = pd.Categorical(data[4]).codes\n",
    "# iris_types = data[4].unique()\n",
    "# print iris_types\n",
    "# for i, type in enumerate(iris_types):\n",
    "#     data.set_value(data[4] == type, 4, i)\n",
    "x, y = np.split(data.values, (4,), axis=1)\n",
    "# print 'x = \\n', x\n",
    "# print 'y = \\n', y\n",
    "# 仅使用前两列特征\n",
    "x = x[:, :2]\n",
    "lr = Pipeline([('sc', StandardScaler()),\n",
    "               ('poly', PolynomialFeatures(degree=2)),\n",
    "               ('clf', LogisticRegression())])\n",
    "lr.fit(x, y.ravel())\n",
    "y_hat = lr.predict(x)\n",
    "y_hat_prob = lr.predict_proba(x)\n",
    "np.set_printoptions(suppress=True)\n",
    "print 'y_hat = \\n', y_hat\n",
    "print 'y_hat_prob = \\n', y_hat_prob\n",
    "print u'准确度：%.2f%%' % (100 * np.mean(y_hat == y.ravel()))"
   ]
  },
  {
   "cell_type": "code",
   "execution_count": 5,
   "metadata": {
    "collapsed": false
   },
   "outputs": [
    {
     "data": {
      "image/png": "iVBORw0KGgoAAAANSUhEUgAAAYgAAAEeCAYAAACQfIJ4AAAABHNCSVQICAgIfAhkiAAAAAlwSFlz\nAAALEgAACxIB0t1+/AAAIABJREFUeJzsnXdUVEcbh5/dZSmKAoKFKGJXLIC9C9hjjT2K9bPHiiXG\n3qOxJLHHkthiiy3W2IPdiLFgJ3ZUUESqsGyb7w/CxpWlKU28zzl7Dnun/e7l7n3vvDPzjkwIIZCQ\nkJCQkHgHeVYLkJCQkJDInkgGQkJCQkLCJJKBkJCQkJAwiWQgJCQkJCRMIhkICQkJCQmTSAZCQkJC\nQsIkkoGQkPjEiYyMJCYmxmSan58fer0+kxVJZBckA5ECkZGRhr9v377Nb7/9lmKZ6OhowsPDU/1R\nqVTJ1te0aVOmTp1q+H7v3j1kMhnnz59//xOT+GAWLlzIkCFDPqgOIQTPnj0zfH/27BnLli1Ldfm3\n70+A7du3c/z4ccP3wMDAZO8TtVpNyZIlTbYZFRVFrVq1+Oqrr1KtJ7vz1Vdf8fPPPxu+q1QqtFpt\nonxCCDQaDalZJjZo0CBWr14NwNChQ1m0aFGqtFy7do2HDx8avkdERLBjxw5CQkJSVT4zkAxEMsyf\nP5/ixYsTFhYGwNWrV+nfvz/Dhw9PtlybNm2ws7NL9Wfy5MlG5SMjI4mLizN8f/XqFTqdLlE7lpaW\nhr/1ej2xsbEfcro5npIlSyKTydL02bdvX5L13bt3j0uXLvHkyRM2bNjA1q1b2bFjR6LP2w/sd9m7\ndy+lSpXiypUrQLyBGDp0KCdOnEjxfKKioihfvjzz5883HFu1ahV79+4F4h9yffv2pX379kRERJis\nw9zcnE6dOhkecG9z+vRpZDIZ33zzTbI6+vTpk+rruXjx4hTPKyO5deuWkUF2d3dHqVQm0imXyzE3\nN+fx48eGvHPmzOHGjRtG9QUHB7N69WqePHkCQJUqVfDx8UnVi+SUKVOoV68e0dHRhro6derEgwcP\n0uNU0wWzrBaQnRkwYACrV6+mX79+bNy4kfr167Nw4UJev37N1KlTCQgIICAggOjoaO7evWsolytX\nLnr16sW6detSbKNevXpGD3qAEiVKEBoaanTsypUrzJ492+hYlSpVjL4XLFiQ4OBgfH198fLy4vz5\n89SqVSuNZ/1+yGQy1q5dS+/evTOsjXXr1tGnT59UvdWZwsLCgm+++Ya+ffummFen01GuXDnMzP77\niSS0HxUVhbW1NRYWFpiZmREQEMCcOXMwNzdHqVQa1fPw4UPKlClDo0aNTLYza9Ys3N3dqVy5MgA1\natSgbdu2DB8+nEuXLiW6N94mT548/Pjjj3z55ZfExcUxadIkFAqFQcPYsWPx8/Pj9OnT2NjYGJWd\nPn06lpaWKBQKcufOTYcOHViwYAFarZaiRYvSrVs3duzYQYsWLShWrJihnF6vR6fTGZ2nhYUFHh4e\n+Pr6Go7Vq1ePxo0bM23aNMOxYsWKkStXriTPJzOwtLTE3Nzc8H3Dhg1YWlqSN29ewzG9Xk9kZCQR\nEREUKlQIAI1Gw8WLF1m0aBGnTp2iTJkyAKxYsQKZTGboZf3vf/8jNjaWWrVqGXohgFGbAPfv3+fA\ngQP8/PPPWFtbA/HXEUChUBjlvXfvHqVKlUrPy5BqJAPxL6Ghofz111+8fv2a169fExwcTFBQEBYW\nFuzatYtdu3ZRrlw5ihYtipOTE8WKFaNVq1Y4OTlRsGBBhBDIZDIg/maIiori3r17KbarUqkSPfD8\n/f0xMzMz3FR169alefPmhp7Gw4cPqVKlCr6+vri5uQHxN7VarU7PS5Im/Pz8KF68+HuX//333wkP\nD0/WwLRu3Ro/P7/3bkOhUGBvb5+qH1uC2+FtA5HwA054aJubm6NQKGjcuDG3b982WU/37t0JDAw0\nmbZ161YuXbrE6dOnjY5///33VKpUibFjx7JkyZJE5eLi4rh37x7m5uZUq1YNHx8fIiIiePToEbGx\nsURGRnLv3j0uXLjAggULsLa25p9//kGr1eLi4gJAUFAQVlZWhoeRRqMhODgYjUZDnjx5iI6OZufO\nnURFRWFmZoYQwjAW0bdvX9asWWN0XVPL29czswgPD+fatWtYWFgQGRnJ06dPOXfuHNbW1tSoUSNV\ndSiVSn777Tc6dOhAo0aNOHXqFA4ODixduhSdTsdnn31mlH/o0KGGv2fOnMmkSZOM0ufMmUOhQoXw\n9vZOtt01a9YwcuRIjh07lmkve0YICSGEEC9evBBDhw4Vc+bMEevXrxdHjhwR/v7+wt/fXzx9+lQM\nGzZMuLi4iOXLl4vIyEhDuevXr4uVK1cKtVptONa+fXsBpPozevToZLVNnjxZ7Nixw/A9JCREDBky\nRNy/f99k/j///FMA4vz58x94VTKPXr16CQ8Pjwxtw83NTcyfP18IIURcXJwICwtL9ImOjhZCCKHR\naAQgTpw4YSi/fft28fZPZvjw4aJp06bJtunt7W3yvIKDg4W9vb3o2rWryXKrV68WgJg9e3aitNu3\nbwtAmJmZCRsbG8NHJpMJQFhYWBgdt7GxEVZWVqJAgQJG9cTExAgvLy9x5coVERMTI/r06SOuXbsm\nhBBiyZIlwsHBQahUKiGEEOPHjxe1a9cWcXFxIjY21qiewYMHp/pe/+WXX5K9XhlBwu/h3U+zZs3S\nXFdMTIxo3bq18Pf3F+PGjROAqFu3ruH+WbZsmcidO7cICwsTL1++FE+fPhXh4eFGdVy4cEHI5XLR\nsmVLo+MPHz4UgPDz8xNCCHHx4kVhZWUlvvzyS6HT6d7/AnwAUg/iXwoUKJDobe3NmzfY2dkxbtw4\nFi9ezLNnz9iyZQsdOnSgYMGCNGrUiKNHj3Lx4kW6d+9u6HbLZDJ69+7N2rVrk2wvKiqKS5cuUaFC\nBQoUKJBkvujoaPbt22fo6gKMGDGCLl26UKJEiQ8860+X7du3071790TH27Vrx65duwzfE3qFpnjz\n5k2yLqCk0Ol09O7dG0tLS5M9BIB+/foRFBTExIkTuXv3LkuXLiVPnjwAlClThtjYWKO2ly1bxoQJ\nEyhQoABt27aldevWTJ48maVLl+Lq6mqyjR9++IHLly9jZ2eHhYUFgYGBdOvWjePHjzNr1iwGDx5s\neOOPiYnBwcEhkasE4nuvqXUxmRoQzmiqVKnC7du3CQoKomHDhkyYMIEBAwbw4sUL/P39DWMQ76LT\n6VCr1Qb3H4CVlRV79+7l3LlzLFy4EBsbG8zMzLC1tQUwuNBsbGzQ6/XExcVhZWVlKK9Sqejfv3+K\nM8MuXLhAixYtaN68ORs3bkQuz5rhYslAmMDLy4vr16+j0+nQaDQsXbqUFStWGOUpXrw4TZo0oVy5\ncsycOdPItxobG0vevHnx8/MjICCAsLAwQkJCCAwMJDAwkHv37vH48WOEEMkaEq1WS9euXbl3757B\n5wlw6tQpPDw8gPgfp7e3N82aNaNXr17JPtDe5fjx43zzzTf4+/vj5OTEuHHj6N+/vyFdrVbj4+PD\n1q1bsba2ZuDAgezfv5/w8HBu3bplVFdSYxBxcXF8/fXX7Nixg/DwcCpVqsTChQupW7cuEP/QeHsg\nMEG/qbqSG4MIDg7Gx8eHAwcOYGlpSZMmTVi4cKGRYX0bKysrChcuzNOnTw3HevfunSY33Zs3bww/\n/hs3bvDgwYNED5ugoCCjMnq9nv79+3PixAlWrFhBUFBQkrNWOnXqhEwmY8aMGRw/fpx169bRuHFj\n5HK5wThERUUxcuRIdu3axZ49e5gzZw56vZ6yZctSoEABqlatio+PD9OnTzd6UN2+fZuZM2fy008/\n4ezsDMT74ytVqsTo0aNxcnJi+fLltG/fHnd3dwIDA3FycjKpU6VScfLkSSP3kU6n49y5c8yaNcvo\nWFonUuh0uiTHnGQyWarcW3nz5iVv3rycO3cOiB+7USqVHDlyhBkzZmBpaYlcLicuLg61Wm0wxAnu\ntuDg4ER13r9/n/Lly1OrVi1WrVqV6Hf39gM9JCQEBwcHhBD079+foKAgOnfuzJs3b0zqTTDQzZo1\nY8uWLVniljOQJf2WbE6tWrXE1KlThRBCbNq0SWzdulVotVpD+vTp08Xnn3+eZHlPT0/Rr18/MXfu\nXFG5cmXRunVr0b9/f1G3bl1RunRpceDAAXH37l0RExOTZB1xcXGiY8eOAhCrV682SnN2dharV68W\nWq1W9OrVS1hYWIi1a9ca0lPjYjp58qQwMzMT3bt3F8eOHROTJ08WCoVCLFq0yJBn9uzZIl++fGLv\n3r1i0aJFAhBLly4VFy5cSFQfYKQhgUmTJolcuXKJjRs3itOnTwtvb29ha2trcF34+/sLPz8/0apV\nK1GlShXh5+cn/Pz8xKtXrxLVtXbtWmHqlo2JiRHlypUT5cuXF7///rvYt2+fKFeunKhdu7ZRvrdd\nTLt37xaFCxc2Su/Vq5fw9vYWQvznYvrzzz8N6e+6mFq2bCn69esnhBBizpw5okiRIqJ48eKiZMmS\nho+1tbWRi+nXX38VcrlcbN68WdStWzdFl8ykSZPE+fPnRYMGDYyuyf3798WsWbOEvb29qF+/vggI\nCBBCCOHh4SG++uorQ76dO3cKW1tbUapUKXHu3DkhhBBarVa4urqKtm3bijdv3gghhNDr9WLmzJli\n3bp1wt/fX0RERIgaNWoY/qcVKlQQixcvTnTtk6Ju3bqG39CH4OzsnOS1SatLsnHjxgIQJUuWFKVL\nlza4ExOYP3++cHNzS7GeBw8eCCHi77shQ4aYdDGFhoaKly9fisePHxvcQ3fu3BEODg7i6NGjYsSI\nEUm6mAAxYsSILHMrvY3UgzDB29bf0tKSadOmsWvXLpYvX063bt24du0a3bp1S7J8dHQ0uXPnZty4\ncYwbNw6I7w1MnDiRY8eOYWdnx40bNzhy5AjPnj2ja9euRm6A0NBQOnXqxJUrV1AqlYbu69u8evWK\nNm3a4Ofnx/Hjxw1v5Kll6tSpuLu7s2HDBmQyGY0aNSIkJISpU6cyePBglEol58+fp3HjxrRu3RqA\n2bNnExkZSc2aNVPdzsOHD3F2dsbb2xuZTIaLiwtffvmlYdpupUqVALC3tycqKopq1aql6TwAtmzZ\nwp07d7hz5w5ly5YF4geQV69ezZs3b8idO3eiMiKJt9Kkjr+dJv6dkHDz5k1DT+6bb74xOR20e/fu\nRr0Ub29vqlWrRtmyZfniiy9QKpWsX7+egQMHEhMTY3DhCCGwsrLCycmJWrVqcfLkSSMdCS6SZcuW\n0aVLF0NamTJljNwX7du3x83NjYEDB5IvXz4gflD50KFDXLhwgfLly7Njxw7Mzc2ZPHky/v7+hv9J\n9erVOXz4MB07duT27dtUr17d6NwePnxIREQEBQsWNOqdQPybv0qlIjw83Oh4gtulUKFCqertHjx4\nMMleXcLsn9Rw/fp1Tpw4QYECBejYsSNr165l0aJF+Pj48Pz5c0qWLJkof/ny5RP1UB48eICbmxvn\nzp0zXCdTLqaEa/02ZcuW5cGDB+TJk4f9+/cbpYWGhjJq1CgAFixYwOjRo1N9bhmJZCBM8O4PrE2b\nNkRERGBvb4+Hhwfe3t507tw5yfJBQUHY2Niwa9cuxo4dS1hYGOHh4QghkMvldOrUCUdHR/Lnz4+9\nvb2RQYqNjaVy5crkyZOHixcvJvpRJuibMGEC9erV4/LlyxQpUiTN53jx4kWGDh1q9CNt0qQJP/30\nE3fv3qVixYpUrlyZTZs2ERwczKNHjwgNDaV8+fJpaqdv377s2rULV1dX6tevT506dWjfvn26Tnf8\n+++/KViwoME4QPziwqZNmyZZRqVS8ezZs0QPqQ4dOiRZJmFtilqtJjw8nEePHuHu7p5mvQk6Ex6q\n169fp2zZskb+/ZCQEOLi4ky6dSIiIvj222+xt7dHoVDw6NEjQ9rLly8JDQ01OqZQKFixYgVqtdpg\nMB0dHWnbti0XLlygXr16VKxYkXr16hkeegCNGjWiV69e7Nq1izx58iS6F9evX8/06dOTPM8LFy7w\n3XffmUxLmCqcEmm930whhGDUqFE0bNgQhUKBra0t48ePN4wndO3a1bAOBeIXF1atWpVp06YxYcIE\no7q2bdtG7ty5KVeunOGYVqs1GMKEFelhYWFGxjDhN57gvkpAp9Pxyy+/MGnSJMNvIuGlIzsgGQgT\nxMXFMW/ePJYuXZpkngRrD3DixAlDD0Cv1xMcHIyjoyO1atXixx9/pGDBghQsWJAVK1Zw5swZzpw5\nYyir0+kICQlBp9OhUCiwsrJi6dKleHl5JbqZzpw5w9dff01gYCADBw5k+fLl6Tp4lfCwTHhTbtCg\nAQsXLsTR0RGIHzht27Ztmur08vLi/v37HD16lHPnzhn84X///bfR3PMPwdRbv0ql4tKlS7i4uGBv\nb58ovU2bNkarWBNIznAVLVoUb29vhBCsXbsWBwcHvLy8Pki7Tqdjz549hl5aAgm9jqJFiyYqc+DA\nAf73v/8ZptkmIIQwrKx+13Cp1WrUajXHjx83PIDkcjnfffcdOp2OhQsXMmDAAKMyLVq0QKFQ4OPj\ng7e3d6K36VGjRjFq1Chy586NQqEgPDwcLy8vatSowc2bN2ncuDG3bt1Cp9Oxfft25HI5MTExREZG\nmuzVZRSzZ8/m7NmzXLx4kTFjxgAwcuRIAL744gs8PT1xc3Pj6NGjADg5OTF06FCmT59Oq1atjH7b\nq1evpmfPnkbrQC5cuGBYK6JWq4mNjcXZ2dlgIIKCgnBwcDCpbe7cuUyZMoVhw4YxaNAgwzTkbEPW\neLZyBmfOnBGAePnypeHYtWvXBCCOHDki/Pz8xKFDh8SmTZvE4sWLRcOGDUW+fPmEl5eXqFChgsif\nP7+Qy+UCEEFBQSbbsLGxEb/99pto06aNkMvlokePHiJ//vyJxiXeJjVjEJ6enqJ69epGx7766ith\nY2Mj1Gq10Ov1wt7eXvzxxx/i0aNHRudoCpIYg/juu+/E77//nuj67Nq1yyjfoEGDRN26dZNtI6kx\niIQpoXfu3DEcO3HihNGUQSGMxyBSwtQYRAJv3rwRTk5OYsSIEUIIIV6/fi3Cw8NFTEyMiI2NNfp0\n7do1WV/54sWLhUwmM0wvTWDPnj0CEBEREanSK4QQmzdvFjY2NuKzzz4T06ZNS1WZx48fi4IFC4oa\nNWoImUyWaNygUaNGAhBnz55Nth4/Pz/h4uIiPDw8RExMjGEM4vnz56JkyZLi888/F8+ePUv1uaQn\nd+7cEdu2bRNCCNGsWTMxZ84cIYQQN2/eFHK5XBw5ckQIYTwGERMTIz777DNRs2ZNw1jAxo0bBSDu\n3r1rqHvIkCFG/9+1a9eK3Llzp6gpYQxCrVaLK1euCCEST3NN4O1p9ZmN1IN4izdv3hgWqJnyj+r1\nejQajWGmQ3h4OObm5kZvB2fPnkWhUODq6kqrVq0oWLAg9vb22Nvbo9PpsLe3Z8iQIYYwG7a2tlhY\nWCQ71VUmkzFr1ixmzpyJq6ur0crWBA4dOsSTJ0+MVgn7+fkZlvEnUKRIEcqVK8f06dNp1KgRvXv3\npmfPnpw6dYqVK1eycOFCw9uRXC5n1apVDB48GHt7eyIiIihevHiaFkbdv3+fJUuWoFar+eyzz9i8\neTMymSzRFN2aNWuyfv16du3ahYODA3///Tc+Pj6paqNbt27MmzeP9u3b8+233yKXy5kwYQI1a9Y0\nmqKo0WhM+sVNkTBGYmpa5ogRI4iOjmb8+PEA1K5d22gl/bs0aNDA5PG1a9cyevRoRowYkWgq6p07\nd7CxsUl1L+vatWsMHTqUuXPnUrt2bRo0aIAQgokTJyZa3f12mdatW1O5cmX27t3Ljz/+yIYNGxg9\nejQymYxhw4Zx7tw5ypYty5gxY9i3b59Rb0yv13Pq1CmWLl3Knj17GDRoEN9//71Re46Ojpw5c4be\nvXtTvHhxOnToQOvWrWnRokWi1d0ZRdmyZQ1uPfFWb3Po0KFUrVqVJk2aGM4nASsrK8aNG8fOnTsJ\nDg6mQIECTJs2DS8vL6MZhckhhDBMlX23Z6rX6xFCoFQqU3RTLlu2jF27dnH48GHs7OxS1Xa6kWWm\nKRvi6uoqrKyshJ2dnbC3t0/0sbW1FVZWVkIulwshhPjll19EiRIljOqoXbt2km/C06ZNE0WKFBGB\ngYGGWQ+hoaFi2LBhwsnJyWimVAK5cuUSW7ZsMTrm7Owsxo4da3iziYmJES1bthQlS5YUQiS9MAgQ\nAwcONNRz7NgxUbVqVWFubi5KlCghVq5cadTO3LlzhbW1tbC1tTUswnJwcBBnzpxJpJMkehCRkZFi\n8ODBokiRIsLCwkKULVvWZD6dTid8fHyEg4ODMDc3F40bN06UJ6kehBBCPH/+XHTu3FlYW1uLAgUK\niJ49e4oXL14Y5SldunSaFjAC4uDBg4byarVaDB48WMhkMrF7927D8aCgIPHixQsREREhoqKijD5d\nunQRderUMdJx79490bdvXwGIHj16GP3fV65cKUaPHi3s7e1F8+bNTZ7r2zx58sQwU2zKlCmG49eu\nXRMlSpQQrq6uYtOmTSIuLs6o3OTJk4W5ubn44osvDDPKhBAiIiJCbNmyRTg7OwsnJydx6dIlERIS\nIlxcXISjo6PYuHGj0Gg0Qggh1qxZIwDRvHlzcfnyZaP6a9WqJcaPH2907NChQ6J58+YiX758IiQk\nJMVzywgaNGggpk+fLoSIn41048YNcfPmTTF58mRRoUIF4eXlZcir1+sNfwcEBAhHR0ej3rAQ8b3u\nlO4hUz2KIUOGJPr/Pn/+XABizpw54uHDh+Lhw4ciICBAVKtWTRQpUiQ9L0OqkQzEexAQECBWrVol\nateuLTp27Gg4fvv2bWFlZSUWLlxostzx48dFvnz5Et1AdnZ2iR7OCSgUikQP1G7duiWqw9LSUvz6\n66/pdo4nTpwQSqVS/Prrr+L8+fPiwoULYufOnaJYsWLCx8cn3drJTOrUqSM2b96cqrxarVYULlzY\n4H4QQojvv/9eyGQysXTp0lS3OXnyZNGjRw/Dd5VKJerUqSMcHBzEmjVrEuVfuXKlcHR0FN26dROB\ngYEm67xz544YPXq0qFevnpDL5aJ8+fJi3759ifKFhYWJESNGCKVSKezs7ESHDh3E69evhRBCnDp1\nSkyePNloKmV0dLSoU6eOkMlkok+fPiI0NNSQFhwcLBo2bCjMzMzE0aNHDdfo5s2bJjW6u7snGSHg\n3emlmUnNmjXFxIkTjY6Fh4eLUqVKiU6dOomrV68mWTYiIsLIaAghxMCBA0Xt2rVFUFBQos/z589F\nYGCgyYgH/fr1E56enomON2nSxKSBWbdu3Xue8YchE+I9I599wrx+/ZrSpUtTtWpVFi9ebDSj4e7d\nuzg4OJgcGE1PYmJiDNP/ZDIZ1tbWaXL9pERUVBRjx47l8OHDBAcHo9frKVy4ME2aNGHmzJnJusRy\nMn/99VeapvmaIjQ0FLlc/t7ugsjISJo2bYq7uztdunTB09Mz2SmjT5484ZdffiE2NjbJWUUJXL16\nFZ1OR9WqVROlCSG4dOmSyZl1nyp9+vTh4cOHRqvIPxS1Wm3k7rKwsEjTAtj0RDIQ74ler8+y5e8S\nEhISmYFkICQkJCQkTCK9AktISEhImOSjnuaaK18ebIqYXoCSVizj5KgsPr69dz9W3fD+2l8/CkZt\npgITgVRlETLy5LMnl13qwzCklU/xmmc1ud5Yotdn3uK69EQuf5PttEdFPeLVq1cp5vuoDYRNEQd6\n7ZuWLnVVumvN9bLRKWfMZnysuuH9tR//dguXbx1D3/idbVgFmK02p9X3/XGqUdZ04XTgU7zmWU31\nS85ER3tmtYz3wtraN9tpX7IkdTHPJBeTxEdHlW4NkV+Tw7tRmP1k5M6VlyLVU7eQSSL74+LbCxff\nXlkt45Plo+5BSHya2BUrSIs5/Tn4zRooDdq8asyfWaKMtaTzpjFZNiVQQiKnIRkIiY8Sl1Y1KFa3\nPLf3/8WbkAgKfOlEqcaVUSilWzonIPUasgfSr0nio8XKzpoqPRpltYxPHgu9gpqxRbHVWaWcORUo\nVdZQ/rbRMbncBr3+dhIlsjdZqT021pInT4qg05mOx5USkoGQkJD4IGrGFqWkXRFy2eX5YPeeZZTp\nWYkKRRQ6XR6TadmdrNIuhCAqKhR4ysOHxd+rDmmQWkJC4oOw1VllqHGQeD9kMhl58thjZaV67zok\nAyEhIfHBSMYhe/Kh/xfJxSQhIZFlSIYheyMZCAkJiXTl55dHidWr062+XFgyLG+LZPM4O1vz+LHp\nBYAtWtTh4MFz6abnbX744Vt8fCaknPEjRXIxSUhIpCvpaRwAYng/H3rCboAZZRwAfvzx2wyrOzsg\nGQgJCYkcw9mzvrRqVZ/u3dtQt255IL53ARAcHETr1g3w9HSnfv2KnD9/OlH5O3du0rRpDTw93fHw\ncOX+/X8A2L79V8Px0aMHotPpmDHjG1SqWDw93Rk0yBuAFSu+p379itSvX5GffvoRiN/KuGvXlnh6\nulG/fkV2794GwIIFM2jSpDr161dk1KgBZMfA2pKLSUJCIkdx/fplTp26gbOz8dTOXbs24+XVjFGj\nJqLT6YiNjUlUdt26nxgwYAQdO3qjVqvR6XQEBNzm99+3ceDAWZRKJV9//RU7dmxiypS5/PzzUnx9\nrwJw7drfbNmylkOH/kIIQfPmNalTx4PAwJsUKvQZW7YcACAyMgKAvn2HMmbMFAC++qoHR47sp1mz\n1hl5adKMZCAkMp3gG494fuU+pco0Ji46Fgvr9FlgJSEBULlyjUTGAcDdvTojRvwPrVbD559/QaVK\n7onyVK9emx9+mM3z509p2bI9JUuW5tSp41y79jdNmsTvpKdSxeLgkHhHxQsXztCiRTty546P3Nqy\nZXsuXDhNkyb1mDx5EjNmjKNJk1bUrl0fgDNn/mTp0nnExsYQFvaasmUrZDsDIbmYJDKNuMgYfu06\nm029vuXPfVuJfPWKpbVGcGvfhayWJpGDyJXLdGjtOnUasG/fKRwdCzNsWG+2bdvAgQO78fR0x9PT\nnatXL9FwcU0hAAAgAElEQVShQzc2btyLpaUVXbu24PTpEwgh6NKlF76+V/H1vcqFC3f5+utpqdZT\nqlRpjh+/jItLJebMmcSCBTNQqVSMG/cVv/yyg1OnrtOjR3/i4t5/vUJGIRkIiUxj75ifCNY+RDtE\njbaFBmEn0HZX88ekX3hx83FWy5PI4QQGPiZ//oL06NGf7t374e9/mZYt2xke/O7u1Xj06AHFipVg\nwIDhfP55W27e9KdBg0bs27eDkJCXAISFvSYwMP5+VSqVaDQaAGrVqs8ff/xOTEwMb9684eDB3dSq\nVZ+goCCsrHLRqVN3hg4di7//ZYMxyJfPgejoaPbt25E1FyUFJBeTRKYQ+TyUx+duoxuuNX4tKQS6\n6hou/vIHrRcOyjJ9EumHldw83ae5pgdnz/qybNl8zMyU5M5tzbJlGxLl2bPnN7Zv34iZmZICBQox\ncuQE7OzyMX78LDp1aooQeszMlHz33TKcnJzp2XMAHh6uuLpW4aefNvHll71p1qwGAN7e/XB1rYyv\n726mTu2ITCZHqVQyf/4KbGxs6d69Pw0aVCR//kK4u1dPl3NMbz7qPakdXYtLGwZ9JLofnr7BnlnL\niOsaazi2oMwCxgSMgSdgf/Ez+u3/OKYMfizX3BQZob1NZHmKljH2+af3AjgpFtP78/DhbW7dcjE6\ntmRJNS5dupRiWcnFJJEpWBe0Qx+iA1O7Xb6CvIXyZbomiYxBWh2dc5AMhESmkL9MYWwK54dL78SG\niQHlXxZU6940a4RJpCuScchZSAZCItNot3gYVn9bo9xpAZeBKDBbY45bGw+Ke1TKankSH4hkHHIe\n0iC1RKaRr3ghBp2Yz83fz/H44i1ymeeh27rxOLq+X6x6ieyBUmUtGYccimQgJIgMes3TiwGYWSop\n3qAiSiuLDGvLPLcllb0bUtm7IXnvWuNYNuPakpCQ+DAkA/EJo9No+WPSWu7s/wt5KTNkcSDG6Gk8\ntQeuHetntTyJbI5h3+jyH+dWoBIpIxmITxjfeb9x94ofuuFadBbxkS95CUdnb8S2SH6K1iqXtQIl\nsi0G42CCfL8sQB77Jt3a0lvlJqL/wGTzZFW479Ty5ZctWLlyMzY2tmkqN2/eNHLntmbIkDEZpCx5\npEHqTxR1TBxXt/iibamGt708BUBbT825lXuzTJtE9iY54wCkq3H4kPoyI9y3qfZMsXXrwTQbh/TW\n8D5IBuITJeLpK+R55GBjIrE4vLz9JNM1SWR/UjIOWc2Hhvtu3rwWd+7cNHxv29aTq1cv8ebNG4YP\n/x9Nm9bAy6syf/yxB4AtW9bRvXsb2rVrSPv2jZJso0qVYoSGvgJg27YNeHi44unpxldf9QDgyZNH\ntGvXEA8PV9q3b8TTp4l/f9evX6V581p4eLjSq1c7wsPDDBonThxJ48bVWLVqUXpdSkByMX2y5LKz\nRhepBQ2gfCcxDKzyfZyrViUyjuxuHBL4kHDfX3zRhT17fqNcuekEBwfx4kUQ7u7VmDVrAvXrN2Tx\n4l+IiAinadMaNGjQGAB//8ucPOmPnV0+li9fmGwbd+7c5PvvZ3Hw4Dns7R0IC3sNwPjxw+jSpRdf\nftmLTZt+YcKE4WzY8LtR2aFDe/Ltt0uoW9eDuXOnMH/+dGbPjt9zQqNRc+xYyiuj04rUg/hEyZ3f\nBsfKJZH99c4toAXleXOqdm2cNcIksiUfi3GA5MN9b9mylnnzpnHr1nWsrRO/BLVt29kQOG/Pnt9o\n3bojAL6+R1i8eC6enu60betJXJyKZ8/i3/I9PJpgZ5cvVW2cPn2CNm06YW8fPy04odylS+fp0KEb\nAJ079+Cvv84YlYuMjCAiIpy6dT0A6NKlF+fPn3pLd5c0XqXUIRmIT5hWc/tjddMas13mcAO4BMp1\nFhQuWgb3rp5ZrE4iu/AxGQf4sHDfjo6FsbOz5+ZNf/bs2cYXX8Q/eIUQrF270xD59erVJ5Qp45Ko\nPVNtZAYJe1CkN5KB+ISxKeLAgCPf4dGuI86vK1BaVKHNtEF0Wj0KuZkiq+VJZDEuvr0+OuOQHKkJ\n9w3xbqalS+cRGRlBhQquAHh5NWP16iWGbUH9/a+kuo23qV+/IXv3buf161AAg4upevU67N69FYAd\nOzZRq5bxNPO8eW2wtbUzjGls376ROnU80uOyJIs0BvGJY5HHimp9mlKtT86NhRQRGEJIwDNyO+Sl\nkGtxZDJZyoUk3hu9Ve50n+aaHqQm3DdA69YdmThxBKNHTzYcGz16MpMmjcTDwxW9Xk/RosXZvHl/\nmtsoV64CPj4TadvWA4VCQcWKlVm6dB1z5ixh+PA+LFs2H3v7/CxevDZR3UuWrGfs2EHExsbg7FzC\nZJ70JlPDfet0OqpVq0bhwoXZv9/44sbFxdGzZ0/+/vtv7O3t2bZtG8WKFUu2Pinc98erGzJee1xU\nLHtHreDxhduYOZmhD9WTK3ce2i0ZRsEKzu9db06/5mntNZQvf5vixV1SzvgBZHXI7A8hq7V/NOG+\nFy1ahIuL6Rvp559/xs7Ojnv37uHj48O4ceMyU5pEDmT3sMU8DruFbpiGuM6xaAbFEeH+is3d5xLz\nOiqr5UlIZHsyzUA8ffqUAwcO0K9fP5Ppe/bsoVev+DeXjh07cvz4cT7ivYwksphX957z7Op9dM21\nYP7vQRngCvoSOq5u9c1CddmTnDbmIPHhZJqBGDlyJPPmzUMuN93ks2fPcHJyAsDMzAwbGxtCQ0Mz\nS55EDiP42kNkJWQmR9m0xdUEXr6T+aKyMZJhkDBFpgxS79+/nwIFClC1alV8fX0/qK5Vq1axatUq\nADQvoql01zodFIKVSpFudWUmH6tuyFjtZZwb0LBPOYS9iV7oZ2CpsMb2PdvOadfcMsoerH3fu065\n3AaFIqNddrpMaCOjyFrtcrkK6/f8/2aKgTh79ix79+7l4MGDqFQqIiMj6d69O7/++qshT+HChQkM\nDKRIkSJotVoiIiKwt7dPVNeAAQMYMGAAED9InV6DhR/rwOPHqhsyVrs2TsPS/pOI+yIW3h6PjgXl\nL+Z0Xj6GImUt36vunHLNE3oNH3omev3tDB+EzeqB3g8hq7Xr9ZZER1d+r7KZ4mKaM2cOT58+5dGj\nR2zdupWGDRsaGQeANm3asH79egB27NhBw4YNpemIEu+NmYWSNj8MxmynOfI/5fAAw0LAii3rUbha\n6ayWKCGR7cnSdRBTpkyhWrVqtGnThr59+9KjRw9KlSpFvnz52Lp1a1ZKk8gBlPB0pc/vM/Bbd5ig\nmw+wzm9LlXmNKd6g4if/8pGRYw5Hj4JanX71mZtD8+bJ58nocN+HDu3l7t1bjBjxTZrKtWhRh8OH\nDyebZ+TIfgwePIqyZct/iMQMIVPXQaQ30jqI7Kc78OJdXt4OpHDVUhSqWCzZvNlNe2r5WHVDvHZt\nUId0rfPddRAHDqRr9QC0aZO8m8aUgdBqtZiZZew7cGrayGoX00ezDkIi5xJ84xE/VB3E5u5zOLb8\nV9a3m8bi2sMIDwzJamkS/+Li2yt+QDoHk1HhvrdsWce4cUMBGDq0N2PGDKJZs5pMn/41r16F0LFj\nE+rVq8DIkf2oXNnZENo7oe2zZ31p29aTPn06Urt2OQYN8jZM409oA+D48UM0bFgFT0832rdvBMDl\nyxf5/PPaeHlVpkWLOty7dzcjLp1JpFAbEh+MOlrFhk4zENX10ID4u0oNsYej+LnVRHyu/JTk9GYJ\nifQmI8J93759wyjf8+dPOXjwHAqFgnHjhlKvXkNGjhzP8eOH2LTp5yR0XeHMmZsUKvQZLVvW5a+/\nzlKrVj1D+qtXIYwa1Z+9e0/h7FzcEKepdOly7Nt3GjMzM06ePMasWRNYt27nh16mVCH9aiU+mFPf\n70Lk00ND/nvlMAdaghY1VzaeyEJ1Ep/aAriMCPf9Lm3adEKhiA9o+ddfZ2jX7ksAGjVqjq2tncky\nVarU4LPPiiCXy6lY0Z3AwEdG6X//fYHatRsYtCeEAo+MjKBv307Ur1+RyZN9uHv35rtVZxiSgZD4\nYB6dvwEVTCTIgfJw//jVzJYk8S+fkmFIICPCfae2jeQwN/9vb1+5XJHq7UHnzJlM3bpenD59g19/\n3UdcnCrNbb8vkoGQ+GAsrHNBUuuAIsEib65M1SMRz6doHJLjQ8J9J0eNGnXZs+c3AP7884hhK9C0\nUrVqLc6fP8Xjxw+B/0KBR0VF4OhYGICtW9e9V93vi2QgJD6Y2oNawWXg3QjPYcBdqDO8bRao+rTJ\nSuNgbp5ynqyo7+xZXzw93fDyqszvv29jwIARJvO1bt2R3bu30rZt51TVO3bsVHx9j1C/fkX27t1O\ngQKFTLqvUsLBIT8LF66id+/2eHq60b9/fO9l6NCvmTVrPF5elVPd60gvpGmu//KxTl3MLro3dJpJ\n0N374AUUBJ4CvlDGsxrtlg81WSa7aE8r2V13csbB2tqX6GjPdG3vUw/3HRcXh0KhwMzMDD+/84wd\nOxhf3//cqlmt/UOmuUqzmCTShZ7bJ3Nm0R7+3nyYuDcqrGxyU2dcW6r2kva2zkwkt1Lm8/TpE/r1\n64wQepRKc374YXVWS0o3JAORw3l56wmPzt2icJVSFK5SKkPbqjeiLfVGZK47KfplOLGvo7Bxyo95\n7veLrZRTkIxD1lCyZGn+/NP0FqTphU6nQafToFRaIJO9/3bAer2O4OCAVOeXDEQO5fWjF6z9YjLa\naDXkBt6A3FJBtw3jM9xQZAaRz0LZN24VQVfuo7AxQx+pp1KnejQa3w2F+ad3W2e1cRBCfPLhSzIC\nrTaOV6+eEBcXDSgBDdbWDuTLVxiZLOUh5LdHEM6f38qWLROIi4OKFfOlqn1pkDoHotPpWPP5N2gL\nq8GH+M8Y0FfQ8WvXWaijY7Na4gcRFx3Lhk4zeGbxD7qRWtQDVGgHqLl+4Qz7x63KanmZTlYbh9hY\nS6KiQqUNvtIZvV5HUFAAKpU1QrghREWEqEB0tIpXr56kWF4IQVRUKLGxlly6tJu1a78mMvJX4uIe\npFrDp/eq9Qlw9oc9CLmA9kBCb9QSaA48gv2jVtN+1fAs0/eh3Nx9DrV9LKK+/r+DeUHbTs0/S64Q\nHhiCrVP+rBOYSWS1YUjgyZMiwFOsrDIurIpcrkKv/zhdiO+rXaWK4s0bFfGP6fC3UvTAQyIjo5DL\nk3+Ex8Za8vhxYX77rT1q9WqgTpo0SAYiB3L3j4vxC9fedVX+u+Xmk498N7X7Z66hKWUiXKg5yEvK\neeoX8EkYiOyCTqfk4cPEK5fTk/jZV++3p0FW877av//+S/z9WxEfv8YYC4tZ9OzZgrp1e6RYT0xM\nBKGh94AmadYgGYgciJmFOSQOMxNPLCgyOMJlRmNuZQlJLCaVxclQWqXzRPxsRnbpOUhkLJaWVhj3\nHP5DJgvH3Dx1C1DNzMwBHfEPhbTthCiNQeRAPMZ1hDtA5DsJKuBvqNazaRaoSj8qfVEP5TULeHfN\nUAjon+op3qBSlujKDCTj8OlQr14XLCxWAnHvpNxGr79IpUrNUlWPubkV5co1RyZbmWYNkoHIgZTw\ncMW2aH5YBfgDocBtYDWY57Ki9letslbgB1K8QUWKurpgttkc/iH+/P4Gs83mNJ7knWOnu0rG4dOi\nYsWmuLiUx9y8MfAH8Tf7aszNm+DtvQBLy9T3Bnr0mIul5QLk8nHEPxRSx8fta5BIkoEn5rN3+Aru\nHLqI0ApQQLFqFei4blRWS/tgZHI57ZcNx3/bKf7ecpSYV5HkL+dEnRVtKFqrXFbLk5BIF+RyOcOH\nb+bUqV84enQmkZEvcHJypU2bTZQr55GmugoVKsOsWX+xf//3XLnSCUjdym4p1Ma/ZPfwCUmRkm6t\nSk1MaBRW+axRWlkkmS81xIZFo43TYF3ABlkS+ztoYuOIfR1NLvs8mFkmPxaQU695epOePYeMCLWR\nGXysuiF7apdCbXziaOM0/PndVvx/O41MCXq1oGyL6jSd0gOLPFZpquvl7UAOTV3Ly+tPkCllWOTJ\nhcfozlRqX9eQJy4qlqMzN3LngB9ycxlCA66d6+M17kvMLJTpfXqfDJJbSSIrkQxEDmX30MU8eX4H\nbT8N2ALRcNf3Iq96PKXXzmnIFakbfgp7/JJNXWejrqeC0YACtE8iODJnPXqNFrcuHgi9ni095vLK\n7Bm6wVp01kA4+B87RdiQF3ReMyYjTzXHIhkHiaxGGqTOgby48Zgnf99F2+5f4wBgDboWWsJCX/Dw\n1PVU13X+p31o3OKgGvGvEzLAGbRfqDm5cDt6nZ4HJ2/wOjQYXQvtf7PobEH7hYbAKwG8uPE4fU/w\nE0AyDhLZAclA5EAenbuFvqwucf9QDpqycdw/eS3VdT04dQ1RwcQwVWHQouH1w2AenLqGpmxc4rvJ\nDPRldTw6k3lbJH7sfGrbg0pkbyQDkQNRKM2QaZP412pkaQpmJ1eagcZEgh6ERqBQmqFQKkFrOlCb\nTCNHrnz/6JMSEhJZh2QgciClm1SOX/fw7g5valDeVOLSolaq6yrfqjaKKyYMSgBYO9hiWzQ/Li1r\nYHZdCe9Gv4gB7kCZZlXTeAafHlLPQSI7IhmIHIhNEQeq9miEcpM53CXeUDwAsy3mlKznjqNb6uPm\n1Oz3Oble5kV+QAEviV+d/ReYHTSn+fQ+yGQyHN1KUNqjMsot5vDg3/YCQLnJnCrdG2FTxCFDzjOn\nIBkGieyKNIsph+L5dRcKlnPm3Op9RO5/Re5CNlTv25zK3bzSFLffytaa3r9P59zyvdzacR5tnAan\nGmWov6kDhSoVM+RrvWAgVzb/id/6Q7wJjiCvswO1x7aifNvaGXB2OQfJOEhkZyQDkUo0KjVCLzDP\n9WGLzdITnVqL0OtNbtYik8ko37Z2ujygc+XLQ+NJ3jSe5J1kHplcTpXujajSvdEHtychkVGoVNHI\n5WaYm+fMcCzpjWQgUuDFjcccm7OJZ373AMhfoQiNxnXL0pAOUS/COD57E/8cucK82d+xYtC3NBje\nnood6mWZJom0IfUcMpcrV/axbdt0Xr68hUwGLi6f0737XAoVKp3V0rI10hhEMoTcCWST97c8tQtA\njNUjxul5WfIJ2wd8z+Nzt7NEkyriDevbTyMg7DL64TpwhCiv1xyet4GLPx/KEk0SaUMyDpnLX39t\nZ8WKwQQHT0evj0ane8HNm7WYMcOD0NCUd2b7lJEMRDL4fr8dTa1/F4kpid+ApyJom6o5/t2mLNF0\nZdMJ4grEIBrpISEcfDHQdlZzZtFuNLHvhgaWyE5IxiFz0ev1bN48HrV6M9CS+EdeHoQYi0rVg337\nFmaxwuyNZCCS4fHpW+BqIsEFQu8EEReV+Xs73znmh7aCiYUJ9iBzkPP8yv1M1ySROiTjkPm8fHmP\n2FgNUD9Rml7fg8uXD2a+qI8IyUAkh0wGpmLdCkCI+LATmYxMJovfktYUepKMsiqRtUjGIWuQyeTE\n76ZmCi1yubSIMzmkp0kylGzshuyKCStwHQq6O2NhnbaoqOlBhZZ1MPM3T2y4XgAR8FnlkpmuSSJ5\nJOOQdRQoUBJraxvgSKI0heJnatRom/miPiIkA5EMHj4dUV62hNOy+MVfKuAimP1pTuPx3bNEk1sX\nD6xVNsgPKuA18YbiNpj9Zk6j8V2l0NrZDMk4ZC0ymYzevRegVPYENhC/vP85cvl4cuXaR4sWPlms\nMHsjGYhkyFe8EL12TqVMrioolpghWyjHWVUe780TsuxN3Ty3JT13TMWtggfK9RYQBPnvFKHtvK9w\n7dwgSzRJJEYKnZF9cHX9nDFjtlOq1CZkMluUyvLUqhXK9OlnsLUtlNXysjXSOogUyFeiEO2WDMtq\nGUZY2VrTdFpPmk7rSaG71vxvz6xk8+v1euQpjE2YWmyXkXzEGxlKfISULduASZOkF6i0kik9CJVK\nRY0aNXBzc6NChQpMnTo1UZ5169aRP39+3N3dcXd3Z82aNZkh7aPk9cNgVjf/hu9K9Sb4+iMWVOrH\nyXnbjfLotVp2DVrMPJc+zC/xP74r25vN3nNQR6uM8j0+d5v1naYzr+T/WODSjz0+y4l8Hpph2v85\neoU1rSYwr2QfXtx8zKFJa4kN+/i2HU0OqecgkVPIlB6EhYUFJ06cwNraGo1GQ7169fj888+pVcs4\nqmiXLl1YunRpZkj6aIl6EcaaFhMQLnoYCjiCrqWWC+sPEBn8mtbfDwRgTYuJhEW+gK5AEeAFBB6+\ny4pGYxh2fjFyuZz7J67yu89ytI3U0BR0cVruXvTj8Re3+N/+WVgXsE1OSpq5tu0kx+ZtQttYDe1A\n5Bdc/+cMD9vf5H97Z6Z5K9TsiGQcJHISmdKDkMlkWFvHbzWm0WjQaDSZ6s7ISRyetB7hpIc2xO8W\nJwPKAT3h1r7zqKJieHj6BmGPXkBvoCjx/2VHoDuoYqO5svEEQggOT9+AtrU6fq2HErAG0VAQVzKW\nC6sOpKtubZyGE3O3ou2sBhfiFx0qQP+5jpg8EVzbdjJd28tspDEHiZxIpg1S63Q63N3dKVCgAE2a\nNKFmzZqJ8uzcuRNXV1c6duxIYGBgZkn7qHh86Wb8yu53KQjYwfXfTnN5w3GoALwbj8wMqArXdpwk\n/PFLYqOiwcRYu95Nx53DfumqO+jqA7D5V+c7aCtpuHnwXLq2JyEh8eHIRCaPFoaHh9OuXTuWLFlC\nxYoVDcdDQ0OxtrbGwsKClStXsm3bNk6cOJGo/KpVq1i1ahUAjwIfs2jjT+miy0qlINYyqQU12Yfg\nW4/BRhge/kUsivA07mn8lxDI45APdXQscbrY//ajfpsoMNOaY+uUn9AHzxEFTPz7NSCPUFCgrFO6\n6Va/URH27CXC/r9VfgbtKjBTmeNQ8rN0ay8jefteKRz63y5JoeaOWSUp1SgU0eh01ilnzGZ8rLoh\ne2qfM2cMly5dSjFfuhmI8PBwbG1T57OeMWMGuXLlYsyYMSbTdTod+fLlIyIiItl6HF2L02vftLRK\nNUmlu9ZcL5v9B0t/67OAhy9uQOf47wvKLGBMwBh4BfwEwy4t5dmlf9g1ZBGMBszfKqwDloDn4C7U\n6N+MZfV9eNMkAooZtyE/Jse1pAfNpqefy0SjUrOk5jA0PeLAwVi72R4ldZq2pfbgVunWXkZS6a41\n3udvmExbXyzxBIzshLW1L9HRnlktI818rLohe2pfsqRaqgxEii6m5cuXA/FjBytWrDCZR6/XU6pU\nKcLCwkymh4SEEB4eDkBsbCxHjx6lXDnjcNlBQUGGv/fu3YuLi0uK4j9Fms3ohey+DA7z35aiD4AN\nUKpJFXLZWlO6cWXyOtrDRuJXWAOEAtvAXGFJ9f7NkMnlNJ7YHbM95nCH+PAdKpCdkaG8bUntAen7\nsFZamtPApwNmv/2765yIb1N2TI5lSG4qd/NK1/YyirnrHhn1GiQkcjIpGoiEKalyudxgLCDeJZTA\nq1evUKlU2NnZmawjKCgILy8vXF1dqV69Ok2aNKFVq1ZMmTKFvXv3ArB48WIqVKiAm5sbixcvZt26\ndR9yXjkWG6f89No9jTzP88FC4DnIdshxa+1FhxXDDfn6H5pD0WIu8DMwA1gBBXM7M/D4AsOaiHIt\nqvPFwq+w93dENkeO/Hs5xeWV6LVzKnkL26e79mq9m9J8Qm/ynrFHNkcOL6CsQzV67ZqGpU3udG8v\nvZm77lGKeXo9mp7xQiQkMokUXUzOzs7s3buXU6dOMX/+fCZOnEiZMmUYOXIko0aNolevXly8eJFR\no0Zx5syZzNINfJouprfRqtS43bfhusubJBfC6fV6Yl5FkiufNXKzpGc1a1Rq5Ao5CmXGz3wWQqCJ\nVVP1iT3Xy2X/a/6uYfAtUwbPgIBky2RXV1N2dHekho9VN2RP7al1MaX4NJDL5bx48YJLly7x5s0b\njh07xs2bN9FqtaxcuZKrV6/i5OSEh4dHugjPbkQ8fcWZJbsJOHIZoddTvEFF6g9vj0Ppwmmu6+T8\nnVzadAhtlAaZuYyi1V34YtlQLPPkSrnwW0S9CGP3kKUEXX/Agm/ns6jnJOoOakuN/p8b8gghuLn7\nHOdX7yfyyb97UvdsRuXujZAr/jMmQdcecGrxLp5dDEBhYYZLq9rUHdqW3A5506RJq9ay32clAX/+\njYjTI8+loFLr+jSd1TOR8ZLJZPFbt34EM50TjENUXBzzTp3i1ytXGDFzJnN//pmvvbxoWKJEmut8\n8MCPXbvmEhDgi5mZFbVrd6Zt22/Im7eAIU9kZAh79szh/Pnf0GpjKV3agw4dxlOiRPX0OjUJiRRJ\n1sUUExODXq+nadOmrF+/nqJFizJ37lyEEFhYWHDy5En++ecfpkyZQseOHTNLc6YRERjCurZTuBl0\nDnXPWDR94/hHdZkNHWfw4ubjNNW1c9AiLqzfh7apBkaD8BY8fnqLFR6j0KpS79OOeR3FykZjCYq5\nD30EFAR1fRV/LtzGkakbDflOzNnKkYXreV0lCO0QDRH1X+G7fjt7fZYbwlw8PneLzT3m8sjiBpqB\nalRfxnDtji/rvphCzOuoVGvS6/WsajKWu1f8EJ31MBr0bXRcO+zL+nbTUl1PdmLuukcG4xCjVtNo\nzRoeXLjAnpgYKgpBt8BAemzZwtbr102WT8rVdOvWCebObcmNG41Qq28RE3MCX18NU6bUJSrqFQDR\n0aFMnVoXX984YmKOo1bf4ubNxsyd25Jbt45nyPlKSJgiSQNx8OBBChUqRFTUfw8KmUxmtMBNqVTi\n5OSESqXis88+jimKaeHkDzuIqxiLaCjADsgLoq5AUz+Oo7N/TXU9kc9CuXfsCvQFyhO/E1wRwBvU\nZirO/PB7qus6MnkDuvxa6AQUIv4/6A70gCtbjqOOURERGMKVzSfQeKuh9L/tFQPtl2oenPcn6OoD\nhBD8MWUt2hZqqAFYAw6gb64j1jGai2tSv5HKjR1niXoVFr8wr9i/7ZUG+sLL208IvHg31XVlNW8b\nhjh4NbAAACAASURBVATWXb1K/vBwftXpcCW+290T2KPRMPrAATQ609Oj3zUSQgjWrvVBrV4NfEX8\nopAy6HRLiI724uDBHwH4448fiYryQKdbBpT9N99XqNU/s3btKCmOlUSmkaSBqFChAps3b8bGxoaA\ngADWrl3L69ev2bVrFxA/FdXb25vnz58zfvx4tm7dmmmiM4t/jlxBVDXxY3SDoEv3UcekbnvPiz8f\nBifijczbKIAacOPg2VRrun/+GtQisXumMJAXrm8/wz9Hr8SvVn7Xc2UOmgoabh/8i4jAEN68ioAy\nidvQVdZyc/+FVGu6vOkYVMV4Si3/tl8e/NZk/72yTRmGBHZdvcogjSbRJa8GOArBhadPU9VGSMhD\nIiJCgNaJ0rTagVy4sBOAc+d2otUOMlFDSyIiXvHypbRroETmkKSBcHZ2plWr+KmOz549448//iAq\nKgo/Pz8qVqxIVFQU1apV4/fff6d79+4Gw5GTEFq96VEaBSCTIbSpW1inU2viQ1mYQgl6XVJbxJnQ\npBdJjxyZgValQafVIcySqNNMoNNo0Wl0yMxkpu8AM9Cn8twAdFpt0udnDjp19l6AmNLsJI1Ol2hR\negJWgDqJHgQY9yJ0Og0ymQWmL7oVOp3GkC/xMngAOTKZpSGfhERGk6pQG15eXmzatAlHR0e2bdvG\nwIED0el0+Pj4IJPJKFu2LI8fP0avT/2D7mOgSJ0yYGo91F2wK1kAi7ypG1x2+9IDHgLvbmEtgCtQ\nsrapja9N81n5knDNREIY8AoqtKtNsbrlkd9RgPadPHpQ3rWgpIc7dsUKYqZQgomXX9lNOSU93FKt\nyaVZDbhK4q1QtcB1qNC+TqrrykyS6zW8TZNy5diqSLw15SPgll5PzcLJT1hIMBIFC5ZCqRTAX4ny\nyOVbcHNrCoCbW1PkclM98osolToKFTLR7ZOQyABSNBAJYw4ymYxBg/7r9h48aOyjLlmypNFit5yA\np09nzM6Ygz/xq5D1QACYHTbn/+ydd3gUVReH3+27qYSQQhoJARISekkA6UWqNOkgiKAIKp8URRGx\nNwQVsKEiRQQpgjQBaaETSgRCCyG0kN5D2u7s7nx/LCVlkyywhGLe5+F5dOfm3jN3Z+fM3Ht+53R8\nc6jF/bjX88W5VnWTcC3l5od5wDaQJEnp8M4Qi/vq+tEok7BtD3BrhSseWAY+LQOxc62CW3ANaoTU\nRb5WYXIcADdAtllOVWd3ararh1QmpcObQ5D/pTTd6URAAI6C4qSSli+XXAYpjRYTeiLXK2GdaRzA\nNO4foKliT1DvFmX89cPBEsdwi5dDQtihUvGpRHL79CKAPgoFbzz1FHYqlUX9SKUyhgz5CKVyCKYv\nUMRUpvBHlMqfeOaZKQA888wUlMqfgB9uHheBvSiVgxk8+IPKOsqVVBjlhrlmZGRgZ2eHRCJBLpfz\nySef4OzsjIeHB15eXoSGhtKjRw9Wr15N1apVK8LmCsO9vi+DF73B9o+WkrYlAaRg71mVzl8Pp2Z7\ny5/6AV7Y+BErn5/DtZ/OmZaoBLD1qMLg9W9gU9Xe4n6c/aszbNnbrH1tHgV7c2EWsBjqdG5Gn28n\n3G7Xd96r7Jm9mpOL9iBKRRBE6vYOpdM7w5HcDDut/2xrpHIpYXNWk5+Rg6g34t7Qj25/jMKphqt5\nA8wglct56Z8vWP7cZ2TOTTZdVXpwDfZh6Lq3LO6nIrgbx3CLara27HnxRSZv3IjH1at8IpEwx8aG\nae3aMT4kxKI+Rl35gCW+79G69XNIpXJWrx5HTk4aRqMWP7+WjBq1A1dXU+ZEV9eazJixk8WLp3L5\n8jSkUhV2ds4MHPgprVpZ/mBSSSX3S7lCufj4eOQ3BVaiKFJQUEBubi6JiYlcvHiRXbt2sXnzZkaP\nHs28efMqxOhbVKRQLi/9BqLBiE01h/tKVa7LKyDtYgL27k73XW8hOyGdkCR3TgflIVea9/V6rUBe\n+g00TnYo1MV3kU2IokhuShZyleK+Fc15mTlkXk2mak33cvUdFS1OvBfnUJzsggLCg4PpGB2NrJwq\nfcUpLJ4TRZGsrEQUCjW2tuYzEADk5mYgCAU4OrpbJUX+oyjasoTH1W54NG23mlCutPDVoKAgOnbs\nyEsvvURycjLXrl27eysfI+7mKb8slDZqqjfwu68+hAIdEUt3cGL1bmq/+jZ//bCEpyb0oXrDoqKt\n6O3/cviXTaRfTsLew4nQUd0J6tuyxI1GIpFYrTiQTRU7bKo8WpkrreEYbuGgVqOQye7aOcCdtwgw\nzXmVKqVnf01Lu8bPC0YRffEERtFANScPhj03i8aNe9+z7feLTlfAwoUvcOzYTgyGfGxsqtK790S6\ndZv80Gyq5MFy3/UgBEHg7NmzNGtmrkhBJdZGrxVYPuIz9q9bR2brFIxORmKkJ1k+8nOT1uImB+av\nZ+OMH4j3iqFgaA4pgbFs+2oJW99Z9BCtr3is6RwqirS0a0x7owEXLjhjMG5DFI+Rmj6CuXOHsnv3\ngodik16vZ8qUYMLDYzAYlgEnyct7jz/++JQFC0Y/FJsqefCU6yDc3d3x8fEhIiLC7PF9+/YxePBg\npkyZYnXjKinJmb8OkpYdh36gADUwvQOGgr6/jr+nL8RoMJKdkM6hHzcijNBBfUz6i0AQhms5u/Uw\niaevPNRzqAgsjVCqaCxJ5vfzgucxGjtjZDUmFWMdRGYAv7J82TsP2kSzbNr0CTduSIC9QBfADxgN\nHODQoT/IyIh/KHZV8mAp10FIpVJWr16NTCZDFEX0+juxkzqdjo4dOxIZGcnChQsfqKGVmDi5bi9C\nY13Jb64GGFR64v+NIfqfCCSBEii+KqYGQz2BsxstF8E9bjyqjqEw5TmJ6IsnMPIGJdWQAxAMAlFR\nex+YbaWxd+8qYBJQPGIrAAhh69Y5FW5TJQ+ech2EWq0mNDSU7t27k52dTePGjZHJZMhkstvLSq6u\nrpU1pisIfYG25G/0FmoJ+gId+gIdRpV5TYqoEhEKLFOAP2486o7BUkTRgKk+a3FkSLAlLy+zok1C\nEPSYtwnACa02t5RjlTzOWLQHkZubi0JhksoajUby8vLIy8vj+PHjt9tU5oepGGq2bojsgpnYgmww\nxuup3sAPnxaByC7ITNqNwoiguKjCr1W9kn//GPM4vDXcDS7OnkhYaebIKSCLunU7V7RJBAU1BX43\ncyQH2EHLliMq2KJKKoJyHYQoinTv3p3r16/j6+vLhQsXUKlUqFQqhg0bRo8ePWjbti22to9+wZcn\ngWYjuyCPVsIR7iil00CxVkmTUZ1ROdhQvWFN3OvWRLZRbvr9AhSA9B8Z9uqq1OrU6CFZb30eV8dQ\n1jLT0BGzEZkFLOeOlz+JhGdo3uwZ1Oq7Sw9vDYYO/QqJ5ADwPiaVJ5hk+H2oWtWXgIDWFW5TJQ+e\nUh3EoUOHaNWqFRKJhL179+Lj40NGRgaBgYEkJiZy9epV+vbty+DBgxk7dixhYWEVaPZ/FzvXKjy3\ncgbVU/yQfSNHkiJBsVRN6LM9aD914O12AxZMom5AKPIfFCgXqJHNk1PTqQEjlr+DVP74K3GfhLeG\n0pxEo0Y9GDPmW5TyiYATEtyR8BQhzVsx4dWHkxSzShV33n13JzY2izEVFfcGauPtXcCnnx55KDZV\n8uApVQcRGxtLcHAwiYmJAEX2GH755RdmzpxJgwYNePnll4uk4KjkweNcy4ORq9/jRlIGzknuTAyf\nh7yYCE5po6LnFy/SecYIshPSsXN1RPOI6RPulcfdMVhCmzajadNmNBcvHiInJ4OgoI4olaWlDKwY\natZszvffXyEu7gzJyTH4+7coUuSokiePUh3EoEGDGDRoEH5+fgwYMIDY2Fj8/PxISEjgzTffpH//\n/uzdu5evvvqKXbt2sWrVqoq0u1wu7jzBkSVbyIpLxdmvOi3G9MSnZd277qcgK5eI33Zy5u+DiAYj\ntTs2pfnorkWEZUa9np0friBy0370WgGbqg60+9+z1B/QxpqndBuDoCdyzX7+Xb2L2qMns+W3VbR8\nqafZKncqew0u9ndf/e5R5UE4h6ScHOYfPMjW8+eRSST0qV+fCaGhVNForD7W3VKrVssyj69dO5Nd\n2xdRoM3D1saeHs+8TteurxdpEx9/jk2bvuHChXBmzpxAREQ0rVs/j1xeWgresvH0DMbTM7jU45cv\nH2PTprlcuXIKR0c3nn56NCEhg4tUFszKSmLr1vkcP74VqVRGy5Z96Nx5Ara2d35Xer3Agf2LObbr\nB16aPJp1qxbSqefbeHoG3bXNKSlX2LJlLpGRe1AqNbRpM5AOHV5Cpar45brHCYuS9c2fPx8PDw/2\n79+Pn58fSqWSoKAgXn75ZY4dO0ZkZCS//vprRdhrEbu/+IMN078ntmoU2Z3TuKw6zepXvubor9vu\nqp+89Bss6v0uB3dsJD0kkYynkjkWsZ2FPd8hM9aUdc9oNLKg8zQi/t6J0EmLOMJIbt1M/n5nIdvf\n/62cEe4eo97AqjGz2fnLcpIDrmFw0HMu7TBLnv2AKwfOWn28R4UHtaR0JSOD5t99R3p4OPPS05mV\nlsa5ffto+eOPpOQ++MgcS3QRpfHR+63ZuOFXcvI/QW/cQVbOm6xY8THz5z57u83Zs7t4//22HD7s\nSWrqQnQ6N5Yv/53Zs/ui11s/bfiRI6v57LNeREQ0Ji1tMZcuvciiRXP48ccxtwNZUlKu8M47zdm+\nPZ3k5HkkJs5i06ZzvPtuS7KzTb8rg0HPD7O7ErX8dT659i819TraHl7Blx80v+uqelevnuDdd0PZ\ns0dJSsqPxMW9z9q1u/jww46V0VflYFEUU/Xq1RFFEScnJ2QyGTY2Nmg0GlxdXXFwcODdd9+t8DxM\npZEaHUfEil0II3WmSmvVgeagH6ljz5w15KZkWdzXvrlryXHPwtBXMFVK8wFjdz3aBnls/3ApAEd/\n3kZ2Rhq8BATfHK8V8DxELNt5V6U7LeHshsMkXL+MfpjOFIKuALGtEX1vHZveXID4hKVchwe7pDTt\n778ZV1DA9wYDrYB2wG8GA51v3ODjXbse2Lj3y7//biDmymlETmCqb9cYU5W64xz/929iY0+bHl4W\njEOn+w2jcSamqk6O6HQ7uHw5m/DwFVa1SafLZ+HCCeh0WxDFyTdtGohWu5eTJw/fvrEvWzaN3Nxx\n6PXfw81ZF4TfyMrqzNq1HwNw+PAK5JePsEeXxzOYak+9ZzSwUpfHsgUj7qq0wC+/vEZBwWcYDF9g\nEh52QadbT3KyJ9u2zbfqHDxplOsg9Ho9sbGxzJ49G5lMxu7du4mPjychIYHIm/V4b4nlHoV8TGf+\nOoihvh6KB1VVAUkgRG05anFfZ9cfwhhashiM2Fzkyt6zppxIf+wwVXgrngevuunfkQVb7vYUyuTE\nn2EITbWmjLCF8QdB1BJ/4pJVx3uYPOiN6HxBYFNMDK+Z